Size,Time
0 6
1 0
2 0
3 0
4 0
5 0
6 0
7 1
8 1
9 1
10 1
11 1
12 1
13 1
14 1
15 1
16 1
17 1
18 1
19 1
20 2
21 2
22 2
23 2
24 2
25 2
26 2
27 2
28 2
29 2
30 2
31 2
32 2
33 2
34 2
35 2
36 3
37 3
38 3
39 3
40 3
41 3
42 3
43 3
44 3
45 3
46 3
47 3
48 3
49 3
50 3
51 3
52 4
53 4
54 4
55 4
56 4
57 4
58 4
59 4
60 4
61 4
62 4
63 4
64 6
65 4
66 4
67 5
68 5
69 5
70 5
71 5
72 5
73 5
74 5
75 5
76 5
77 5
78 5
79 5
80 5
81 5
82 5
83 6
84 6
85 6
86 6
87 6
88 6
89 5
90 6
91 6
92 6
93 6
94 6
95 6
96 6
97 7
98 6
99 7
100 7
101 7
102 7
103 7
104 7
105 7
106 7
107 7
108 7
109 7
110 7
111 7
112 7
113 8
114 8
115 8
116 8
117 8
118 8
119 13
120 10
121 10
122 10
123 10
124 10
125 10
126 10
127 11
128 11
129 11
130 11
131 11
132 11
133 11
134 11
135 11
136 11
137 12
138 9
139 9
140 9
141 9
142 9
143 9
144 10
145 10
146 10
147 10
148 10
149 10
150 10
151 10
152 10
153 10
154 10
155 10
156 10
157 10
158 11
159 11
160 11
161 11
162 11
163 11
164 11
165 11
166 11
167 11
168 11
169 11
170 11
171 12
172 13
173 11
174 11
175 11
176 12
177 12
178 12
179 12
180 12
181 12
182 12
183 12
184 12
185 12
186 12
187 12
188 12
189 12
190 12
191 13
192 13
193 13
194 13
195 13
196 13
197 13
198 13
199 13
200 13
201 13
202 13
203 13
204 13
205 13
206 13
207 14
208 14
209 14
210 14
211 14
212 14
213 14
214 14
215 14
216 14
217 14
218 14
219 14
220 14
221 14
222 15
223 15
224 15
225 15
226 15
227 15
228 15
229 15
230 15
231 15
232 15
233 15
234 15
235 15
236 16
237 16
238 16
239 16
240 16
241 16
242 16
243 16
244 16
245 16
246 16
247 16
248 16
249 16
250 16
251 16
252 17
253 17
254 17
255 17
256 17
257 17
258 17
259 17
260 17
261 17
262 17
263 17
264 17
265 19
266 17
267 18
268 18
269 18
270 18
271 18
272 18
273 18
274 18
275 18
276 18
277 18
278 18
279 18
280 18
281 18
282 19
283 19
284 19
285 19
286 19
287 19
288 19
289 19
290 19
291 19
292 19
293 19
294 19
295 19
296 19
297 20
298 19
299 20
300 20
301 20
302 20
303 20
304 20
305 20
306 20
307 20
308 20
309 20
310 20
311 20
312 21
313 21
314 21
315 21
316 21
317 21
318 21
319 21
320 21
321 21
322 21
323 21
324 21
325 21
326 21
327 22
328 22
329 22
330 22
331 22
332 22
333 22
334 22
335 22
336 22
337 22
338 22
339 22
340 22
341 22
342 22
343 23
344 23
345 23
346 23
347 23
348 23
349 21
350 23
351 23
352 23
353 23
354 23
355 23
356 23
357 23
358 24
359 24
360 24
361 24
362 24
363 24
364 24
365 24
366 24
367 24
368 24
369 24
370 24
371 24
372 24
373 25
374 25
375 25
376 25
377 25
378 25
379 25
380 25
381 25
382 25
383 25
384 25
385 25
386 25
387 25
388 25
389 26
390 26
391 26
392 26
393 26
394 26
395 26
396 26
397 26
398 26
399 26
400 26
401 26
402 26
403 26
404 27
405 27
406 27
407 27
408 37
409 27
410 27
411 27
412 27
413 27
414 27
415 27
416 27
417 27
418 28
419 28
420 28
421 28
422 28
423 28
424 28
425 28
426 28
427 28
428 28
429 28
430 28
431 28
432 28
433 28
434 29
435 29
436 29
437 29
438 29
439 29
440 29
441 29
442 29
443 29
444 29
445 29
446 29
447 29
448 29
449 30
450 30
451 30
452 30
453 30
454 30
455 30
456 30
457 30
458 30
459 30
460 30
461 30
462 30
463 30
464 31
465 31
466 31
467 31
468 31
469 31
470 31
471 31
472 31
473 31
474 31
475 31
476 31
477 31
478 32
479 32
480 32
481 32
482 32
483 32
484 32
485 32
486 32
487 32
488 32
489 32
490 32
491 32
492 32
493 32
494 33
495 33
496 33
497 33
498 33
499 33
500 33
501 33
502 33
503 33
504 33
505 33
506 33
507 33
508 33
509 33
510 34
511 34
512 34
513 34
514 34
515 34
516 34
517 34
518 34
519 34
520 34
521 34
522 34
523 34
524 35
525 35
526 35
527 35
528 35
529 35
530 35
531 35
532 35
533 35
534 35
535 35
536 35
537 35
538 35
539 35
540 36
541 36
542 36
543 36
544 36
545 36
546 36
547 36
548 36
549 36
550 36
551 36
552 36
553 36
554 36
555 37
556 37
557 37
558 37
559 37
560 37
561 37
562 37
563 37
564 37
565 37
566 37
567 37
568 37
569 37
570 37
571 38
572 38
573 38
574 38
575 38
576 38
577 38
578 38
579 38
580 38
581 38
582 38
583 38
584 38
585 38
586 38
587 39
588 39
589 39
590 39
591 39
592 39
593 39
594 39
595 39
596 39
597 39
598 39
599 39
600 39
601 40
602 40
603 40
604 40
605 40
606 40
607 40
608 40
609 40
610 40
611 40
612 40
613 40
614 40
615 40
616 41
617 41
618 41
619 41
620 41
621 41
622 41
623 41
624 41
625 41
626 41
627 41
628 41
629 41
630 42
631 42
632 42
633 42
634 42
635 42
636 42
637 42
638 42
639 42
640 42
641 42
642 42
643 42
644 42
645 42
646 43
647 43
648 43
649 43
650 43
651 43
652 43
653 43
654 43
655 43
656 43
657 43
658 43
659 43
660 43
661 43
662 44
663 44
664 44
665 44
666 44
667 44
668 44
669 44
670 44
671 44
672 44
673 44
674 44
675 44
676 44
677 45
678 45
679 45
680 45
681 45
682 45
683 45
684 45
685 45
686 45
687 45
688 45
689 45
690 45
691 46
692 45
693 46
694 46
695 46
696 46
697 46
698 46
699 46
700 46
701 46
702 53
703 46
704 46
705 46
706 46
707 47
708 47
709 47
710 47
711 47
712 47
713 47
714 47
715 47
716 47
717 47
718 47
719 47
720 47
721 53
722 48
723 48
724 48
725 48
726 48
727 48
728 48
729 48
730 48
731 48
732 48
733 49
734 49
735 49
736 53
737 48
738 49
739 49
740 49
741 49
742 49
743 49
744 49
745 49
746 49
747 49
748 49
749 49
750 49
751 49
752 50
753 49
754 50
755 50
756 50
757 50
758 50
759 50
760 50
761 50
762 50
763 50
764 50
765 50
766 50
767 50
768 50
769 51
770 51
771 51
772 51
773 51
774 51
775 51
776 51
777 51
778 51
779 51
780 51
781 51
782 51
783 51
784 52
785 52
786 52
787 52
788 52
789 52
790 52
791 52
792 52
793 52
794 52
795 52
796 52
797 52
798 53
799 53
800 53
801 53
802 53
803 53
804 53
805 53
806 53
807 53
808 53
809 53
810 53
811 53
812 53
813 53
814 54
815 54
816 54
817 54
818 54
819 54
820 54
821 54
822 54
823 54
824 54
825 54
826 54
827 54
828 54
829 55
830 55
831 55
832 55
833 55
834 55
835 55
836 55
837 55
838 55
839 55
840 55
841 55
842 55
843 55
844 56
845 56
846 56
847 56
848 56
849 56
850 56
851 56
852 56
853 56
854 56
855 53
856 56
857 56
858 56
859 57
860 57
861 57
862 57
863 57
864 57
865 57
866 57
867 57
868 57
869 57
870 57
871 57
872 57
873 57
874 57
875 58
876 58
877 58
878 58
879 58
880 58
881 58
882 58
883 58
884 58
885 58
886 58
887 58
888 58
889 58
890 59
891 59
892 59
893 59
894 59
895 59
896 59
897 59
898 59
899 59
900 59
901 59
902 59
903 59
904 59
905 59
906 60
907 60
908 60
909 60
910 60
911 60
912 60
913 60
914 60
915 60
916 60
917 60
918 60
919 60
920 60
921 60
922 61
923 61
924 61
925 61
926 64
927 61
928 61
929 61
930 61
931 61
932 61
933 68
934 62
935 62
936 62
937 62
938 62
939 62
940 62
941 62
942 62
943 62
944 62
945 63
946 69
947 63
948 63
949 63
950 63
951 63
952 63
953 63
954 64
955 64
956 64
957 64
958 64
959 63
960 63
961 63
962 63
963 63
964 63
965 63
966 63
967 63
968 64
969 64
970 64
971 64
972 64
973 64
974 64
975 64
976 64
977 64
978 64
979 64
980 64
981 64
982 65
983 65
984 65
985 65
986 65
987 65
988 65
989 65
990 65
991 65
992 65
993 65
994 65
995 65
996 65
997 65
998 65
999 66
1000 66
1001 66
1002 66
1003 66
1004 66
1005 66
1006 66
1007 66
1008 66
1009 66
1010 66
1011 66
1012 66
1013 67
1014 67
1015 67
1016 67
1017 67
1018 67
1019 67
1020 67
1021 67
1022 67
1023 67
1024 67
1025 67
1026 67
1027 67
1028 68
1029 68
1030 68
1031 68
1032 68
1033 68
1034 68
1035 68
1036 68
1037 68
1038 68
1039 68
1040 68
1041 68
1042 68
1043 69
1044 69
1045 69
1046 69
1047 69
1048 69
1049 69
1050 69
1051 69
1052 69
1053 69
1054 69
1055 69
1056 69
1057 69
1058 69
1059 70
1060 70
1061 70
1062 70
1063 70
1064 70
1065 70
1066 70
1067 70
1068 70
1069 70
1070 70
1071 70
1072 71
1073 71
1074 71
1075 71
1076 71
1077 71
1078 71
1079 71
1080 71
1081 71
1082 71
1083 71
1084 71
1085 71
1086 71
1087 71
1088 72
1089 72
1090 72
1091 72
1092 72
1093 72
1094 72
1095 72
1096 72
1097 72
1098 72
1099 72
1100 72
1101 72
1102 72
1103 73
1104 73
1105 73
1106 73
1107 73
1108 73
1109 73
1110 73
1111 73
1112 73
1113 73
1114 87
1115 73
1116 75
1117 73
1118 75
1119 74
1120 69
1121 74
1122 75
1123 76
1124 75
1125 75
1126 75
1127 75
1128 75
1129 75
1130 75
1131 75
1132 75
1133 75
1134 76
1135 76
1136 76
1137 76
1138 76
1139 76
1140 76
1141 76
1142 76
1143 76
1144 81
1145 75
1146 75
1147 75
1148 75
1149 76
1150 76
1151 76
1152 76
1153 76
1154 76
1155 71
1156 76
1157 76
1158 76
1159 76
1160 76
1161 76
1162 76
1163 76
1164 77
1165 77
1166 77
1167 77
1168 77
1169 77
1170 77
1171 77
1172 77
1173 77
1174 77
1175 77
1176 77
1177 77
1178 77
1179 78
1180 78
1181 78
1182 78
1183 78
1184 78
1185 78
1186 78
1187 78
1188 78
1189 78
1190 78
1191 78
1192 78
1193 78
1194 78
1195 79
1196 79
1197 79
1198 79
1199 79
1200 79
1201 79
1202 79
1203 79
1204 79
1205 79
1206 79
1207 79
1208 79
1209 79
1210 80
1211 80
1212 80
1213 80
1214 80
1215 80
1216 80
1217 80
1218 80
1219 80
1220 80
1221 80
1222 80
1223 80
1224 81
1225 81
1226 81
1227 81
1228 81
1229 81
1230 81
1231 81
1232 81
1233 81
1234 81
1235 81
1236 81
1237 81
1238 81
1239 81
1240 82
1241 82
1242 82
1243 82
1244 82
1245 82
1246 82
1247 82
1248 83
1249 82
1250 83
1251 82
1252 82
1253 82
1254 84
1255 84
1256 83
1257 83
1258 84
1259 84
1260 83
1261 83
1262 83
1263 78
1264 83
1265 84
1266 83
1267 83
1268 83
1269 83
1270 83
1271 84
1272 84
1273 84
1274 84
1275 84
1276 84
1277 104
1278 84
1279 84
1280 91
1281 85
1282 85
1283 85
1284 85
1285 86
1286 86
1287 86
1288 86
1289 86
1290 92
1291 85
1292 85
1293 86
1294 86
1295 86
1296 86
1297 86
1298 86
1299 92
1300 85
1301 85
1302 85
1303 86
1304 86
1305 86
1306 86
1307 86
1308 86
1309 86
1310 86
1311 86
1312 86
1313 86
1314 86
1315 86
1316 86
1317 87
1318 87
1319 87
1320 87
1321 87
1322 87
1323 87
1324 87
1325 87
1326 87
1327 87
1328 87
1329 87
1330 87
1331 87
1332 88
1333 88
1334 88
1335 88
1336 88
1337 88
1338 88
1339 88
1340 88
1341 88
1342 88
1343 88
1344 88
1345 88
1346 89
1347 89
1348 89
1349 89
1350 89
1351 89
1352 89
1353 89
1354 89
1355 89
1356 89
1357 89
1358 89
1359 89
1360 89
1361 89
1362 90
1363 90
1364 90
1365 90
1366 90
1367 90
1368 90
1369 90
1370 90
1371 90
1372 90
1373 90
1374 90
1375 90
1376 90
1377 91
1378 91
1379 91
1380 91
1381 91
1382 91
1383 91
1384 91
1385 91
1386 91
1387 91
1388 91
1389 91
1390 91
1391 91
1392 91
1393 92
1394 92
1395 92
1396 92
1397 92
1398 92
1399 92
1400 92
1401 92
1402 92
1403 92
1404 92
1405 92
1406 92
1407 93
1408 93
1409 93
1410 93
1411 93
1412 93
1413 93
1414 93
1415 93
1416 93
1417 93
1418 93
1419 93
1420 93
1421 93
1422 94
1423 94
1424 94
1425 94
1426 105
1427 94
1428 94
1429 94
1430 94
1431 94
1432 94
1433 94
1434 94
1435 94
1436 94
1437 95
1438 95
1439 95
1440 95
1441 95
1442 95
1443 95
1444 95
1445 95
1446 95
1447 95
1448 95
1449 95
1450 95
1451 95
1452 95
1453 96
1454 96
1455 96
1456 96
1457 96
1458 96
1459 96
1460 96
1461 96
1462 96
1463 96
1464 96
1465 96
1466 96
1467 96
1468 97
1469 97
1470 96
1471 97
1472 97
1473 97
1474 97
1475 97
1476 97
1477 97
1478 97
1479 97
1480 97
1481 97
1482 97
1483 98
1484 98
1485 98
1486 98
1487 98
1488 98
1489 98
1490 98
1491 98
1492 98
1493 98
1494 98
1495 98
1496 98
1497 98
1498 99
1499 99
1500 99
1501 99
1502 99
1503 99
1504 99
1505 99
1506 99
1507 99
1508 99
1509 99
1510 99
1511 100
1512 100
1513 99
1514 100
1515 100
1516 100
1517 100
1518 100
1519 100
1520 100
1521 100
1522 100
1523 100
1524 100
1525 100
1526 100
1527 101
1528 101
1529 101
1530 101
1531 101
1532 101
1533 101
1534 101
1535 101
1536 101
1537 101
1538 101
1539 101
1540 101
1541 101
1542 102
1543 102
1544 102
1545 102
1546 102
1547 102
1548 102
1549 102
1550 102
1551 102
1552 102
1553 102
1554 102
1555 102
1556 102
1557 103
1558 103
1559 103
1560 103
1561 103
1562 103
1563 111
1564 103
1565 103
1566 103
1567 103
1568 103
1569 103
1570 108
1571 104
1572 104
1573 104
1574 104
1575 104
1576 104
1577 105
1578 105
1579 105
1580 105
1581 105
1582 105
1583 105
1584 105
1585 105
1586 106
1587 106
1588 105
1589 105
1590 105
1591 105
1592 105
1593 105
1594 105
1595 105
1596 105
1597 105
1598 105
1599 105
1600 105
1601 105
1602 106
1603 106
1604 106
1605 106
1606 106
1607 106
1608 106
1609 106
1610 106
1611 106
1612 106
1613 106
1614 106
1615 106
1616 106
1617 106
1618 107
1619 107
1620 107
1621 107
1622 107
1623 107
1624 107
1625 107
1626 107
1627 107
1628 107
1629 107
1630 107
1631 107
1632 107
1633 108
1634 108
1635 108
1636 108
1637 108
1638 108
1639 108
1640 108
1641 108
1642 108
1643 108
1644 108
1645 108
1646 108
1647 108
1648 109
1649 109
1650 109
1651 109
1652 109
1653 109
1654 109
1655 109
1656 109
1657 109
1658 109
1659 109
1660 109
1661 109
1662 109
1663 109
1664 110
1665 110
1666 110
1667 110
1668 110
1669 110
1670 110
1671 110
1672 110
1673 110
1674 110
1675 110
1676 110
1677 110
1678 110
1679 111
1680 111
1681 111
1682 111
1683 111
1684 111
1685 111
1686 111
1687 111
1688 117
1689 111
1690 113
1691 111
1692 118
1693 113
1694 113
1695 113
1696 113
1697 113
1698 113
1699 113
1700 113
1701 114
1702 114
1703 114
1704 114
1705 114
1706 114
1707 119
1708 113
1709 113
1710 113
1711 113
1712 114
1713 114
1714 120
1715 113
1716 113
1717 113
1718 113
1719 113
1720 113
1721 113
1722 113
1723 113
1724 114
1725 114
1726 114
1727 114
1728 114
1729 114
1730 114
1731 114
1732 114
1733 114
1734 114
1735 114
1736 114
1737 114
1738 114
1739 115
1740 115
1741 115
1742 115
1743 115
1744 115
1745 115
1746 115
1747 115
1748 115
1749 115
1750 115
1751 115
1752 115
1753 115
1754 116
1755 116
1756 116
1757 116
1758 116
1759 116
1760 116
1761 116
1762 116
1763 116
1764 116
1765 116
1766 116
1767 116
1768 117
1769 117
1770 117
1771 117
1772 117
1773 117
1774 117
1775 117
1776 117
1777 117
1778 117
1779 117
1780 117
1781 117
1782 110
1783 117
1784 118
1785 118
1786 118
1787 118
1788 118
1789 118
1790 118
1791 118
1792 118
1793 118
1794 118
1795 118
1796 118
1797 118
1798 119
1799 119
1800 119
1801 119
1802 119
1803 119
1804 119
1805 119
1806 119
1807 121
1808 119
1809 119
1810 119
1811 119
1812 119
1813 120
1814 120
1815 120
1816 120
1817 120
1818 120
1819 120
1820 120
1821 120
1822 120
1823 120
1824 120
1825 120
1826 120
1827 120
1828 121
1829 121
1830 121
1831 121
1832 121
1833 121
1834 121
1835 121
1836 121
1837 121
1838 121
1839 121
1840 121
1841 121
1842 121
1843 122
1844 122
1845 122
1846 122
1847 122
1848 122
1849 122
1850 122
1851 122
1852 122
1853 122
1854 122
1855 122
1856 122
1857 122
1858 123
1859 123
1860 123
1861 123
1862 123
1863 123
1864 123
1865 123
1866 123
1867 123
1868 123
1869 123
1870 123
1871 123
1872 123
1873 124
1874 124
1875 124
1876 124
1877 124
1878 124
1879 124
1880 124
1881 124
1882 124
1883 124
1884 124
1885 124
1886 124
1887 124
1888 125
1889 125
1890 116
1891 125
1892 125
1893 125
1894 125
1895 125
1896 125
1897 125
1898 125
1899 125
1900 125
1901 125
1902 126
1903 126
1904 126
1905 126
1906 126
1907 126
1908 126
1909 126
1910 126
1911 126
1912 126
1913 126
1914 126
1915 126
1916 127
1917 127
1918 127
1919 128
1920 131
1921 127
1922 127
1923 127
1924 127
1925 127
1926 127
1927 134
1928 129
1929 129
1930 129
1931 129
1932 129
1933 129
1934 129
1935 130
1936 130
1937 130
1938 130
1939 130
1940 130
1941 130
1942 130
1943 130
1944 130
1945 130
1946 130
1947 136
1948 129
1949 129
1950 129
1951 129
1952 129
1953 129
1954 129
1955 129
1956 129
1957 129
1958 129
1959 129
1960 129
1961 129
1962 129
1963 130
1964 130
1965 130
1966 130
1967 130
1968 130
1969 130
1970 130
1971 130
1972 130
1973 130
1974 130
1975 130
1976 130
1977 130
1978 131
1979 131
1980 131
1981 131
1982 137
1983 132
1984 132
1985 132
1986 132
1987 132
1988 137
1989 133
1990 133
1991 133
1992 133
1993 133
1994 133
1995 137
1996 132
1997 132
1998 132
1999 132
2000 132
2001 132
2002 132
2003 132
2004 132
2005 132
2006 132
2007 132
2008 133
2009 132
2010 133
2011 133
2012 133
2013 133
2014 133
2015 133
2016 133
2017 133
2018 133
2019 133
2020 133
2021 133
2022 133
2023 134
2024 134
2025 135
2026 134
2027 136
2028 134
2029 134
2030 134
2031 134
2032 134
2033 134
2034 134
2035 141
2036 136
2037 136
2038 136
2039 136
2040 136
2041 142
2042 135
2043 135
2044 135
2045 135
2046 135
2047 135
2048 135
2049 135
2050 135
2051 135
2052 135
2053 135
2054 136
2055 136
2056 136
2057 136
2058 136
2059 137
2060 136
2061 136
2062 136
2063 136
2064 136
2065 136
2066 136
2067 136
2068 137
2069 137
2070 137
2071 137
2072 137
2073 137
2074 142
2075 138
2076 138
2077 138
2078 138
2079 138
2080 138
2081 143
2082 137
2083 137
2084 138
2085 138
2086 138
2087 138
2088 138
2089 138
2090 138
2091 138
2092 138
2093 138
2094 130
2095 138
2096 138
2097 138
2098 138
2099 139
2100 139
2101 139
2102 139
2103 139
2104 139
2105 139
2106 139
2107 139
2108 139
2109 139
2110 139
2111 139
2112 139
2113 139
2114 139
2115 140
2116 140
2117 140
2118 140
2119 140
2120 140
2121 140
2122 140
2123 140
2124 140
2125 140
2126 148
2127 140
2128 142
2129 141
2130 141
2131 142
2132 147
2133 143
2134 143
2135 143
2136 143
2137 143
2138 143
2139 143
2140 143
2141 143
2142 143
2143 143
2144 143
2145 145
2146 142
2147 142
2148 142
2149 142
2150 142
2151 142
2152 142
2153 142
2154 142
2155 142
2156 142
2157 142
2158 142
2159 142
2160 142
2161 143
2162 143
2163 143
2164 143
2165 143
2166 143
2167 143
2168 143
2169 143
2170 143
2171 143
2172 143
2173 143
2174 143
2175 144
2176 144
2177 144
2178 144
2179 144
2180 144
2181 144
2182 144
2183 144
2184 144
2185 144
2186 144
2187 144
2188 144
2189 144
2190 145
2191 145
2192 145
2193 145
2194 145
2195 145
2196 145
2197 145
2198 145
2199 145
2200 145
2201 145
2202 145
2203 145
2204 145
2205 146
2206 146
2207 146
2208 146
2209 146
2210 146
2211 146
2212 146
2213 146
2214 146
2215 146
2216 146
2217 146
2218 146
2219 147
2220 146
2221 147
2222 147
2223 147
2224 147
2225 142
2226 147
2227 147
2228 147
2229 147
2230 146
2231 147
2232 154
2233 148
2234 149
2235 149
2236 149
2237 149
2238 154
2239 148
2240 149
2241 148
2242 148
2243 148
2244 148
2245 148
2246 148
2247 148
2248 148
2249 148
2250 149
2251 149
2252 149
2253 149
2254 149
2255 149
2256 149
2257 149
2258 149
2259 149
2260 149
2261 149
2262 149
2263 149
2264 149
2265 150
2266 150
2267 150
2268 150
2269 150
2270 150
2271 150
2272 150
2273 150
2274 150
2275 150
2276 150
2277 150
2278 150
2279 151
2280 151
2281 151
2282 151
2283 151
2284 151
2285 151
2286 151
2287 151
2288 151
2289 151
2290 151
2291 151
2292 151
2293 151
2294 152
2295 151
2296 152
2297 152
2298 152
2299 152
2300 152
2301 152
2302 152
2303 152
2304 152
2305 152
2306 152
2307 152
2308 152
2309 152
2310 152
2311 152
2312 153
2313 153
2314 153
2315 153
2316 153
2317 153
2318 162
2319 153
2320 153
2321 153
2322 159
2323 155
2324 156
2325 156
2326 156
2327 161
2328 154
2329 154
2330 154
2331 154
2332 154
2333 154
2334 154
2335 154
2336 154
2337 154
2338 154
2339 154
2340 154
2341 155
2342 155
2343 155
2344 155
2345 155
2346 155
2347 155
2348 155
2349 155
2350 155
2351 155
2352 155
2353 155
2354 156
2355 156
2356 145
2357 156
2358 156
2359 156
2360 156
2361 156
2362 156
2363 156
2364 156
2365 156
2366 156
2367 156
2368 156
2369 156
2370 157
2371 157
2372 157
2373 157
2374 157
2375 157
2376 157
2377 157
2378 157
2379 157
2380 157
2381 157
2382 157
2383 157
2384 157
2385 158
2386 158
2387 158
2388 158
2389 158
2390 158
2391 158
2392 158
2393 158
2394 158
2395 158
2396 158
2397 158
2398 158
2399 158
2400 159
2401 159
2402 159
2403 159
2404 159
2405 159
2406 159
2407 159
2408 159
2409 173
2410 159
2411 159
2412 159
2413 159
2414 159
2415 159
2416 160
2417 160
2418 160
2419 160
2420 160
2421 160
2422 160
2423 160
2424 160
2425 160
2426 160
2427 160
2428 160
2429 160
2430 161
2431 161
2432 161
2433 161
2434 161
2435 161
2436 161
2437 161
2438 161
2439 161
2440 161
2441 161
2442 161
2443 161
2444 161
2445 161
2446 162
2447 162
2448 162
2449 162
2450 162
2451 162
2452 162
2453 162
2454 162
2455 162
2456 162
2457 162
2458 162
2459 162
2460 162
2461 163
2462 163
2463 163
2464 163
2465 163
2466 163
2467 163
2468 163
2469 163
2470 163
2471 163
2472 163
2473 163
2474 163
2475 163
2476 164
2477 164
2478 164
2479 164
2480 164
2481 164
2482 164
2483 164
2484 164
2485 164
2486 164
2487 164
2488 164
2489 164
2490 165
2491 165
2492 165
2493 165
2494 165
2495 165
2496 165
2497 192
2498 173
2499 166
2500 169
2501 166
2502 167
2503 167
2504 168
2505 168
2506 168
2507 168
2508 168
2509 172
2510 166
2511 166
2512 166
2513 166
2514 166
2515 166
2516 166
2517 166
2518 166
2519 166
2520 167
2521 167
2522 167
2523 167
2524 167
2525 167
2526 167
2527 167
2528 167
2529 167
2530 167
2531 167
2532 167
2533 167
2534 167
2535 168
2536 167
2537 168
2538 168
2539 168
2540 168
2541 168
2542 168
2543 168
2544 168
2545 168
2546 168
2547 168
2548 168
2549 168
2550 169
2551 169
2552 169
2553 169
2554 169
2555 169
2556 169
2557 169
2558 169
2559 169
2560 169
2561 169
2562 169
2563 169
2564 169
2565 169
2566 169
2567 170
2568 170
2569 170
2570 170
2571 170
2572 170
2573 170
2574 170
2575 170
2576 170
2577 170
2578 170
2579 170
2580 170
2581 172
2582 170
2583 171
2584 171
2585 171
2586 171
2587 171
2588 171
2589 171
2590 171
2591 171
2592 171
2593 171
2594 171
2595 172
2596 172
2597 172
2598 172
2599 172
2600 172
2601 172
2602 172
2603 172
2604 172
2605 172
2606 172
2607 172
2608 172
2609 172
2610 172
2611 173
2612 173
2613 173
2614 173
2615 173
2616 173
2617 164
2618 173
2619 173
2620 173
2621 173
2622 173
2623 173
2624 173
2625 173
2626 173
2627 174
2628 174
2629 174
2630 174
2631 174
2632 174
2633 174
2634 174
2635 174
2636 174
2637 174
2638 174
2639 174
2640 174
2641 175
2642 175
2643 175
2644 175
2645 175
2646 175
2647 175
2648 175
2649 175
2650 175
2651 175
2652 175
2653 175
2654 177
2655 175
2656 175
2657 176
2658 176
2659 176
2660 176
2661 176
2662 176
2663 202
2664 176
2665 176
2666 176
2667 176
2668 176
2669 184
2670 179
2671 179
2672 179
2673 179
2674 183
2675 177
2676 177
2677 177
2678 177
2679 177
2680 177
2681 177
2682 177
2683 176
2684 177
2685 177
2686 177
2687 178
2688 178
2689 178
2690 178
2691 178
2692 178
2693 178
2694 178
2695 178
2696 178
2697 178
2698 178
2699 178
2700 178
2701 178
2702 179
2703 179
2704 179
2705 179
2706 179
2707 179
2708 179
2709 179
2710 179
2711 179
2712 179
2713 179
2714 179
2715 179
2716 179
2717 179
2718 180
2719 180
2720 180
2721 180
2722 180
2723 180
2724 180
2725 180
2726 180
2727 180
2728 180
2729 180
2730 180
2731 181
2732 181
2733 181
2734 181
2735 169
2736 181
2737 181
2738 181
2739 181
2740 181
2741 181
2742 181
2743 184
2744 181
2745 181
2746 181
2747 181
2748 182
2749 180
2750 182
2751 182
2752 182
2753 182
2754 182
2755 182
2756 182
2757 182
2758 182
2759 182
2760 182
2761 182
2762 182
2763 182
2764 183
2765 183
2766 183
2767 183
2768 183
2769 183
2770 183
2771 183
2772 183
2773 183
2774 183
2775 183
2776 183
2777 183
2778 183
2779 184
2780 184
2781 184
2782 184
2783 184
2784 184
2785 184
2786 184
2787 184
2788 184
2789 184
2790 184
2791 184
2792 184
2793 184
2794 185
2795 185
2796 185
2797 185
2798 185
2799 185
2800 185
2801 185
2802 185
2803 185
2804 185
2805 185
2806 185
2807 185
2808 185
2809 185
2810 186
2811 172
2812 186
2813 186
2814 186
2815 186
2816 186
2817 186
2818 186
2819 186
2820 186
2821 186
2822 182
2823 187
2824 186
2825 187
2826 195
2827 189
2828 189
2829 189
2830 190
2831 190
2832 190
2833 190
2834 190
2835 195
2836 187
2837 187
2838 187
2839 187
2840 187
2841 188
2842 188
2843 188
2844 175
2845 188
2846 188
2847 188
2848 188
2849 188
2850 188
2851 188
2852 188
2853 188
2854 188
2855 189
2856 189
2857 189
2858 189
2859 189
2860 189
2861 189
2862 189
2863 189
2864 189
2865 189
2866 189
2867 189
2868 189
2869 189
2870 189
2871 190
2872 190
2873 190
2874 190
2875 190
2876 190
2877 190
2878 190
2879 190
2880 190
2881 190
2882 190
2883 190
2884 190
2885 190
2886 191
2887 191
2888 191
2889 191
2890 191
2891 191
2892 191
2893 191
2894 191
2895 191
2896 191
2897 191
2898 197
2899 193
2900 193
2901 193
2902 192
2903 198
2904 194
2905 194
2906 195
2907 195
2908 199
2909 192
2910 192
2911 192
2912 192
2913 192
2914 192
2915 192
2916 192
2917 192
2918 193
2919 193
2920 193
2921 193
2922 193
2923 180
2924 193
2925 193
2926 193
2927 193
2928 193
2929 193
2930 193
2931 193
2932 193
2933 194
2934 194
2935 194
2936 194
2937 194
2938 194
2939 194
2940 194
2941 194
2942 194
2943 194
2944 194
2945 194
2946 194
2947 194
2948 195
2949 195
2950 195
2951 195
2952 195
2953 195
2954 195
2955 195
2956 195
2957 195
2958 195
2959 195
2960 195
2961 195
2962 195
2963 196
2964 196
2965 196
2966 196
2967 196
2968 196
2969 196
2970 196
2971 196
2972 203
2973 196
2974 196
2975 204
2976 199
2977 199
2978 199
2979 199
2980 199
2981 200
2982 200
2983 200
2984 200
2985 200
2986 200
2987 200
2988 205
2989 197
2990 197
2991 197
2992 197
2993 198
2994 198
2995 198
2996 197
2997 198
2998 198
2999 198
3000 198
3001 198
3002 198
3003 198
3004 198
3005 198
3006 198
3007 188
3008 199
3009 199
3010 199
3011 199
3012 199
3013 199
3014 199
3015 199
3016 199
3017 199
3018 199
3019 199
3020 199
3021 199
3022 200
3023 200
3024 200
3025 200
3026 200
3027 200
3028 200
3029 200
3030 200
3031 200
3032 200
3033 200
3034 200
3035 200
3036 201
3037 200
3038 201
3039 201
3040 201
3041 201
3042 201
3043 201
3044 206
3045 203
3046 203
3047 203
3048 203
3049 212
3050 206
3051 206
3052 206
3053 205
3054 206
3055 205
3056 205
3057 205
3058 205
3059 205
3060 205
3061 205
3062 209
3063 202
3064 202
3065 203
3066 202
3067 203
3068 203
3069 203
3070 203
3071 209
3072 204
3073 204
3074 204
3075 204
3076 205
3077 205
3078 205
3079 205
3080 210
3081 203
3082 203
3083 204
3084 204
3085 204
3086 204
3087 204
3088 204
3089 204
3090 204
3091 204
3092 204
3093 204
3094 204
3095 204
3096 204
3097 205
3098 205
3099 205
3100 205
3101 205
3102 205
3103 205
3104 205
3105 205
3106 205
3107 205
3108 205
3109 205
3110 205
3111 205
3112 205
3113 206
3114 206
3115 213
3116 206
3117 206
3118 206
3119 191
3120 206
3121 214
3122 209
3123 209
3124 209
3125 214
3126 206
3127 206
3128 206
3129 207
3130 207
3131 207
3132 207
3133 207
3134 213
3135 208
3136 209
3137 209
3138 209
3139 213
3140 207
3141 207
3142 208
3143 207
3144 208
3145 209
3146 208
3147 208
3148 208
3149 208
3150 208
3151 208
3152 208
3153 208
3154 208
3155 208
3156 208
3157 208
3158 208
3159 209
3160 209
3161 209
3162 209
3163 209
3164 209
3165 209
3166 209
3167 209
3168 209
3169 209
3170 209
3171 209
3172 209
3173 210
3174 210
3175 210
3176 210
3177 210
3178 210
3179 210
3180 210
3181 210
3182 210
3183 210
3184 210
3185 221
3186 212
3187 212
3188 218
3189 213
3190 214
3191 214
3192 214
3193 214
3194 214
3195 214
3196 218
3197 211
3198 211
3199 211
3200 211
3201 211
3202 211
3203 211
3204 212
3205 212
3206 212
3207 212
3208 212
3209 212
3210 212
3211 212
3212 212
3213 212
3214 212
3215 212
3216 212
3217 212
3218 212
3219 213
3220 213
3221 213
3222 213
3223 213
3224 213
3225 213
3226 213
3227 213
3228 213
3229 213
3230 213
3231 213
3232 213
3233 214
3234 214
3235 214
3236 214
3237 214
3238 214
3239 214
3240 214
3241 214
3242 214
3243 214
3244 214
3245 214
3246 214
3247 214
3248 215
3249 215
3250 215
3251 215
3252 223
3253 215
3254 215
3255 215
3256 215
3257 215
3258 215
3259 215
3260 215
3261 215
3262 215
3263 215
3264 215
3265 215
3266 216
3267 216
3268 216
3269 216
3270 216
3271 216
3272 216
3273 216
3274 216
3275 216
3276 216
3277 216
3278 216
3279 216
3280 217
3281 217
3282 217
3283 217
3284 217
3285 217
3286 217
3287 217
3288 217
3289 217
3290 217
3291 217
3292 217
3293 217
3294 217
3295 218
3296 218
3297 218
3298 218
3299 218
3300 218
3301 218
3302 218
3303 218
3304 218
3305 218
3306 218
3307 218
3308 218
3309 218
3310 218
3311 219
3312 219
3313 219
3314 219
3315 219
3316 219
3317 219
3318 219
3319 219
3320 222
3321 223
3322 221
3323 221
3324 221
3325 221
3326 228
3327 223
3328 223
3329 223
3330 227
3331 221
3332 221
3333 222
3334 226
3335 220
3336 220
3337 220
3338 220
3339 220
3340 220
3341 221
3342 221
3343 221
3344 221
3345 221
3346 221
3347 221
3348 221
3349 221
3350 221
3351 221
3352 221
3353 221
3354 221
3355 221
3356 222
3357 222
3358 222
3359 222
3360 222
3361 222
3362 222
3363 222
3364 222
3365 222
3366 222
3367 222
3368 222
3369 222
3370 222
3371 223
3372 223
3373 223
3374 223
3375 223
3376 223
3377 223
3378 223
3379 223
3380 223
3381 223
3382 223
3383 223
3384 223
3385 231
3386 223
3387 223
3388 224
3389 227
3390 230
3391 227
3392 227
3393 227
3394 236
3395 218
3396 227
3397 227
3398 227
3399 227
3400 227
3401 228
3402 228
3403 228
3404 228
3405 230
3406 225
3407 225
3408 225
3409 225
3410 225
3411 225
3412 225
3413 225
3414 225
3415 225
3416 225
3417 225
3418 225
3419 226
3420 226
3421 226
3422 226
3423 226
3424 226
3425 226
3426 226
3427 226
3428 226
3429 226
3430 226
3431 226
3432 226
3433 226
3434 227
3435 227
3436 227
3437 227
3438 227
3439 227
3440 227
3441 227
3442 227
3443 227
3444 227
3445 227
3446 227
3447 227
3448 228
3449 237
3450 237
3451 231
3452 230
3453 229
3454 235
3455 231
3456 231
3457 231
3458 236
3459 228
3460 228
3461 228
3462 228
3463 228
3464 229
3465 229
3466 229
3467 229
3468 229
3469 229
3470 229
3471 229
3472 229
3473 229
3474 229
3475 229
3476 216
3477 229
3478 229
3479 230
3480 230
3481 230
3482 230
3483 230
3484 230
3485 230
3486 230
3487 230
3488 230
3489 230
3490 230
3491 230
3492 230
3493 230
3494 230
3495 230
3496 231
3497 231
3498 231
3499 231
3500 231
3501 231
3502 231
3503 231
3504 231
3505 231
3506 231
3507 231
3508 231
3509 232
3510 232
3511 232
3512 242
3513 232
3514 232
3515 238
3516 235
3517 235
3518 235
3519 235
3520 235
3521 236
3522 236
3523 239
3524 232
3525 232
3526 233
3527 233
3528 233
3529 233
3530 233
3531 233
3532 233
3533 233
3534 233
3535 233
3536 233
3537 233
3538 233
3539 234
3540 234
3541 234
3542 234
3543 234
3544 234
3545 234
3546 234
3547 234
3548 234
3549 234
3550 234
3551 234
3552 234
3553 234
3554 234
3555 235
3556 235
3557 235
3558 235
3559 235
3560 235
3561 235
3562 235
3563 235
3564 235
3565 235
3566 235
3567 235
3568 235
3569 235
3570 235
3571 236
3572 236
3573 236
3574 249
3575 239
3576 237
3577 236
3578 243
3579 242
3580 241
3581 241
3582 238
3583 240
3584 240
3585 240
3586 244
3587 237
3588 237
3589 237
3590 237
3591 237
3592 237
3593 237
3594 237
3595 237
3596 237
3597 237
3598 237
3599 237
3600 237
3601 238
3602 238
3603 238
3604 238
3605 238
3606 238
3607 238
3608 238
3609 238
3610 238
3611 238
3612 238
3613 238
3614 238
3615 238
3616 239
3617 238
3618 239
3619 239
3620 239
3621 239
3622 239
3623 239
3624 239
3625 239
3626 239
3627 239
3628 239
3629 239
3630 239
3631 239
3632 240
3633 240
3634 240
3635 241
3636 243
3637 246
3638 243
3639 243
3640 243
3641 244
3642 244
3643 244
3644 244
3645 247
3646 240
3647 241
3648 241
3649 241
3650 241
3651 241
3652 241
3653 241
3654 241
3655 241
3656 241
3657 241
3658 241
3659 241
3660 241
3661 241
3662 241
3663 242
3664 242
3665 242
3666 242
3667 242
3668 242
3669 242
3670 242
3671 242
3672 242
3673 242
3674 242
3675 242
3676 242
3677 242
3678 243
3679 243
3680 243
3681 243
3682 243
3683 243
3684 243
3685 243
3686 243
3687 243
3688 243
3689 243
3690 243
3691 243
3692 243
3693 244
3694 244
3695 244
3696 250
3697 246
3698 245
3699 253
3700 247
3701 248
3702 248
3703 248
3704 248
3705 248
3706 254
3707 244
3708 244
3709 245
3710 245
3711 245
3712 245
3713 245
3714 245
3715 245
3716 245
3717 245
3718 245
3719 245
3720 245
3721 245
3722 245
3723 246
3724 245
3725 246
3726 246
3727 246
3728 246
3729 246
3730 246
3731 246
3732 246
3733 246
3734 246
3735 246
3736 246
3737 246
3738 246
3739 247
3740 247
3741 247
3742 247
3743 247
3744 247
3745 247
3746 247
3747 247
3748 247
3749 247
3750 247
3751 247
3752 247
3753 247
3754 247
3755 257
3756 244
3757 249
3758 249
3759 248
3760 256
3761 251
3762 252
3763 252
3764 256
3765 250
3766 250
3767 250
3768 250
3769 248
3770 250
3771 255
3772 249
3773 249
3774 249
3775 249
3776 249
3777 249
3778 249
3779 249
3780 249
3781 249
3782 249
3783 249
3784 250
3785 250
3786 250
3787 250
3788 250
3789 250
3790 250
3791 250
3792 250
3793 250
3794 250
3795 250
3796 250
3797 250
3798 250
3799 251
3800 250
3801 251
3802 251
3803 251
3804 251
3805 251
3806 251
3807 251
3808 251
3809 251
3810 251
3811 251
3812 251
3813 251
3814 310
3815 315
3816 259
3817 267
3818 289
3819 252
3820 255
3821 263
3822 268
3823 252
3824 252
3825 252
3826 252
3827 252
3828 252
3829 253
3830 253
3831 253
3832 253
3833 253
3834 253
3835 253
3836 253
3837 253
3838 253
3839 253
3840 253
3841 253
3842 253
3843 253
3844 254
3845 254
3846 254
3847 254
3848 254
3849 254
3850 254
3851 254
3852 254
3853 254
3854 254
3855 254
3856 254
3857 254
3858 254
3859 254
3860 254
3861 255
3862 255
3863 255
3864 255
3865 255
3866 255
3867 255
3868 255
3869 255
3870 255
3871 267
3872 255
3873 255
3874 261
3875 259
3876 259
3877 259
3878 259
3879 259
3880 260
3881 260
3882 260
3883 260
3884 260
3885 265
3886 258
3887 258
3888 258
3889 262
3890 257
3891 257
3892 257
3893 257
3894 257
3895 257
3896 257
3897 257
3898 257
3899 257
3900 257
3901 257
3902 257
3903 257
3904 257
3905 257
3906 258
3907 258
3908 258
3909 258
3910 259
3911 258
3912 258
3913 258
3914 258
3915 258
3916 258
3917 258
3918 258
3919 258
3920 258
3921 259
3922 259
3923 259
3924 259
3925 259
3926 259
3927 259
3928 273
3929 268
3930 266
3931 263
3932 263
3933 263
3934 263
3935 263
3936 266
3937 260
3938 260
3939 260
3940 260
3941 260
3942 260
3943 260
3944 260
3945 260
3946 260
3947 260
3948 260
3949 260
3950 261
3951 261
3952 261
3953 261
3954 261
3955 261
3956 261
3957 261
3958 262
3959 263
3960 262
3961 264
3962 262
3963 263
3964 263
3965 264
3966 263
3967 262
3968 262
3969 262
3970 262
3971 262
3972 262
3973 262
3974 262
3975 262
3976 262
3977 262
3978 262
3979 262
3980 262
3981 263
3982 263
3983 263
3984 271
3985 263
3986 269
3987 267
3988 267
3989 267
3990 267
3991 267
3992 267
3993 272
3994 263
3995 264
3996 264
3997 264
3998 264
3999 264
4000 264
4001 264
4002 264
4003 264
4004 264
4005 264
4006 264
4007 264
4008 264
4009 264
4010 264
4011 265
4012 265
4013 265
4014 265
4015 265
4016 265
4017 265
4018 265
4019 265
4020 265
4021 265
4022 265
4023 265
4024 265
4025 265
4026 266
4027 266
4028 266
4029 273
4030 268
4031 268
4032 274
4033 266
4034 266
4035 266
4036 266
4037 266
4038 266
4039 266
4040 283
4041 267
4042 267
4043 276
4044 270
4045 270
4046 271
4047 271
4048 271
4049 271
4050 273
4051 267
4052 267
4053 267
4054 267
4055 267
4056 267
4057 268
4058 268
4059 268
4060 268
4061 268
4062 268
4063 268
4064 268
4065 268
4066 268
4067 268
4068 268
4069 269
4070 268
4071 269
4072 269
4073 269
4074 275
4075 271
4076 271
4077 271
4078 275
4079 269
4080 269
4081 269
4082 269
4083 269
4084 269
4085 269
4086 270
4087 270
4088 270
4089 270
4090 270
4091 270
4092 270
4093 270
4094 279
4095 271
4096 272
4097 272
4098 272
4099 280
4100 275
4101 274
4102 278
4103 271
4104 271
4105 271
4106 271
4107 271
4108 271
4109 271
4110 271
4111 271
4112 271
4113 271
4114 271
4115 271
4116 271
4117 272
4118 272
4119 274
4120 274
4121 274
4122 274
4123 274
4124 274
4125 274
4126 279
4127 272
4128 272
4129 272
4130 272
4131 272
4132 272
4133 273
4134 273
4135 273
4136 273
4137 273
4138 273
4139 273
4140 273
4141 273
4142 273
4143 273
4144 273
4145 273
4146 273
4147 273
4148 277
4149 274
4150 274
4151 281
4152 278
4153 278
4154 278
4155 278
4156 278
4157 282
4158 274
4159 274
4160 274
4161 275
4162 274
4163 275
4164 282
4165 277
4166 277
4167 278
4168 277
4169 277
4170 277
4171 282
4172 275
4173 275
4174 275
4175 275
4176 275
4177 276
4178 276
4179 276
4180 276
4181 276
4182 276
4183 276
4184 276
4185 276
4186 276
4187 276
4188 276
4189 276
4190 276
4191 276
4192 277
4193 277
4194 277
4195 277
4196 277
4197 277
4198 277
4199 277
4200 277
4201 277
4202 289
4203 277
4204 277
4205 277
4206 277
4207 277
4208 278
4209 278
4210 278
4211 278
4212 278
4213 278
4214 278
4215 278
4216 278
4217 278
4218 278
4219 278
4220 278
4221 278
4222 278
4223 279
4224 279
4225 279
4226 279
4227 279
4228 279
4229 279
4230 279
4231 279
4232 279
4233 279
4234 279
4235 279
4236 279
4237 279
4238 279
4239 280
4240 280
4241 280
4242 280
4243 280
4244 280
4245 280
4246 280
4247 280
4248 280
4249 280
4250 280
4251 280
4252 280
4253 280
4254 314
4255 281
4256 289
4257 285
4258 285
4259 285
4260 285
4261 285
4262 290
4263 281
4264 281
4265 281
4266 281
4267 281
4268 281
4269 282
4270 282
4271 282
4272 282
4273 282
4274 282
4275 282
4276 282
4277 282
4278 282
4279 282
4280 282
4281 282
4282 282
4283 282
4284 283
4285 283
4286 283
4287 283
4288 283
4289 283
4290 283
4291 283
4292 283
4293 283
4294 283
4295 283
4296 283
4297 283
4298 284
4299 283
4300 284
4301 284
4302 285
4303 284
4304 284
4305 284
4306 299
4307 291
4308 287
4309 288
4310 288
4311 290
4312 291
4313 290
4314 291
4315 292
4316 287
4317 287
4318 286
4319 286
4320 285
4321 285
4322 285
4323 285
4324 285
4325 285
4326 285
4327 285
4328 285
4329 285
4330 286
4331 286
4332 286
4333 286
4334 286
4335 286
4336 286
4337 286
4338 286
4339 286
4340 286
4341 286
4342 286
4343 286
4344 286
4345 287
4346 287
4347 287
4348 288
4349 287
4350 287
4351 287
4352 294
4353 291
4354 291
4355 297
4356 289
4357 291
4358 295
4359 288
4360 288
4361 278
4362 287
4363 287
4364 288
4365 295
4366 292
4367 292
4368 296
4369 288
4370 288
4371 288
4372 288
4373 288
4374 289
4375 289
4376 289
4377 289
4378 289
4379 289
4380 289
4381 289
4382 289
4383 289
4384 289
4385 289
4386 289
4387 289
4388 289
4389 289
4390 290
4391 290
4392 290
4393 290
4394 290
4395 290
4396 290
4397 290
4398 290
4399 290
4400 292
4401 290
4402 290
4403 290
4404 297
4405 295
4406 295
4407 296
4408 301
4409 295
4410 295
4411 295
4412 295
4413 295
4414 299
4415 291
4416 291
4417 291
4418 291
4419 291
4420 292
4421 292
4422 292
4423 292
4424 292
4425 292
4426 292
4427 292
4428 292
4429 292
4430 292
4431 292
4432 292
4433 292
4434 292
4435 293
4436 293
4437 293
4438 293
4439 293
4440 293
4441 293
4442 293
4443 293
4444 293
4445 293
4446 293
4447 293
4448 293
4449 293
4450 293
4451 294
4452 294
4453 294
4454 294
4455 294
4456 294
4457 294
4458 296
4459 305
4460 294
4461 294
4462 300
4463 299
4464 299
4465 299
4466 299
4467 299
4468 301
4469 296
4470 295
4471 295
4472 295
4473 295
4474 295
4475 295
4476 295
4477 295
4478 295
4479 295
4480 295
4481 295
4482 296
4483 296
4484 296
4485 296
4486 296
4487 296
4488 296
4489 296
4490 296
4491 296
4492 278
4493 296
4494 297
4495 297
4496 297
4497 298
4498 297
4499 297
4500 297
4501 305
4502 301
4503 301
4504 301
4505 301
4506 301
4507 305
4508 297
4509 490
4510 451
4511 439
4512 457
4513 461
4514 451
4515 447
4516 451
4517 441
4518 452
4519 450
4520 450
4521 453
4522 449
4523 448
4524 445
4525 446
4526 450
4527 451
4528 446
4529 450
4530 455
4531 451
4532 446
4533 449
4534 452
4535 450
4536 451
4537 442
4538 446
4539 422
4540 454
4541 486
4542 452
4543 442
4544 454
4545 452
4546 459
4547 450
4548 450
4549 450
4550 430
4551 453
4552 454
4553 446
4554 455
4555 451
4556 452
4557 453
4558 444
4559 454
4560 452
4561 510
4562 458
4563 453
4564 455
4565 453
4566 429
4567 432
4568 454
4569 459
4570 453
4571 456
4572 455
4573 309
4574 304
4575 304
4576 304
4577 304
4578 304
4579 309
4580 302
4581 302
4582 304
4583 302
4584 302
4585 303
4586 308
4587 307
4588 313
4589 284
4590 303
4591 303
4592 311
4593 307
4594 307
4595 309
4596 303
4597 303
4598 303
4599 303
4600 304
4601 304
4602 304
4603 304
4604 305
4605 304
4606 304
4607 310
4608 306
4609 306
4610 312
4611 308
4612 309
4613 315
4614 307
4615 307
4616 312
4617 309
4618 309
4619 316
4620 305
4621 308
4622 305
4623 315
4624 309
4625 311
4626 310
4627 310
4628 310
4629 310
4630 310
4631 311
4632 309
4633 306
4634 306
4635 315
4636 310
4637 312
4638 315
4639 308
4640 308
4641 315
4642 311
4643 312
4644 313
4645 306
4646 307
4647 314
4648 311
4649 311
4650 316
4651 309
4652 309
4653 313
4654 307
4655 309
4656 307
4657 307
4658 307
4659 315
4660 312
4661 312
4662 316
4663 308
4664 307
4665 308
4666 308
4667 308
4668 312
4669 386
4670 331
4671 319
4672 313
4673 313
4674 313
4675 313
4676 313
4677 313
4678 313
4679 315
4680 316
4681 309
4682 309
4683 316
4684 313
4685 313
4686 318
4687 311
4688 311
4689 316
4690 310
4691 310
4692 310
4693 310
4694 310
4695 316
4696 314
4697 314
4698 320
4699 310
4700 310
4701 316
4702 315
4703 315
4704 320
4705 310
4706 311
4707 317
4708 315
4709 315
4710 322
4711 311
4712 311
4713 317
4714 316
4715 328
4716 322
4717 313
4718 314
4719 320
4720 316
4721 316
4722 320
4723 311
4724 312
4725 312
4726 312
4727 312
4728 313
4729 312
4730 312
4731 318
4732 317
4733 317
4734 321
4735 312
4736 313
4737 313
4738 313
4739 313
4740 314
4741 313
4742 313
4743 316
4744 318
4745 318
4746 323
4747 313
4748 313
4749 313
4750 313
4751 314
4752 315
4753 314
4754 313
4755 314
4756 318
4757 318
4758 325
4759 314
4760 314
4761 315
4762 320
4763 319
4764 319
4765 322
4766 317
4767 322
4768 319
4769 319
4770 325
4771 315
4772 315
4773 321
4774 319
4775 320
4776 325
4777 315
4778 315
4779 315
4780 316
4781 315
4782 317
4783 316
4784 316
4785 322
4786 320
4787 320
4788 325
4789 316
4790 316
4791 316
4792 316
4793 316
4794 317
4795 317
4796 317
4797 323
4798 321
4799 321
4800 325
4801 317
4802 317
4803 317
4804 317
4805 317
4806 319
4807 317
4808 317
4809 331
4810 321
4811 322
4812 328
4813 320
4814 320
4815 325
4816 318
4817 318
4818 318
4819 318
4820 318
4821 326
4822 323
4823 324
4824 326
4825 318
4826 319
4827 327
4828 323
4829 323
4830 326
4831 319
4832 319
4833 319
4834 319
4835 321
4836 319
4837 319
4838 319
4839 328
4840 324
4841 324
4842 327
4843 320
4844 320
4845 320
4846 320
4847 321
4848 320
4849 320
4850 320
4851 330
4852 325
4853 332
4854 320
4855 328
4856 328
4857 327
4858 327
4859 329
4860 327
4861 325
4862 328
4863 328
4864 326
4865 327
4866 326
4867 326
4868 326
4869 326
4870 327
4871 330
4872 322
4873 322
4874 330
4875 326
4876 328
4877 328
4878 322
4879 322
4880 331
4881 327
4882 327
4883 329
4884 322
4885 322
4886 322
4887 323
4888 324
4889 323
4890 323
4891 327
4892 327
4893 327
4894 334
4895 323
4896 323
4897 329
4898 328
4899 328
4900 333
4901 327
4902 324
4903 330
4904 328
4905 328
4906 328
4907 328
4908 329
4909 331
4910 325
4911 312
4912 327
4913 327
4914 327
4915 334
4916 331
4917 332
4918 329
4919 329
4920 329
4921 329
4922 329
4923 337
4924 325
4925 325
4926 331
4927 330
4928 330
4929 309
4930 325
4931 325
4932 332
4933 330
4934 332
4935 335
4936 328
4937 328
4938 336
4939 331
4940 331
4941 333
4942 326
4943 326
4944 326
4945 326
4946 339
4947 327
4948 327
4949 332
4950 331
4951 331
4952 339
4953 329
4954 329
4955 335
4956 332
4957 332
4958 336
4959 330
4960 330
4961 336
4962 332
4963 334
4964 332
4965 332
4966 332
4967 332
4968 333
4969 334
4970 335
4971 330
4972 336
4973 333
4974 333
4975 338
4976 328
4977 328
4978 337
4979 333
4980 335
4981 313
4982 331
4983 331
4984 338
4985 334
4986 335
4987 337
4988 332
4989 332
4990 336
4991 320
4992 337
4993 332
4994 332
4995 338
4996 309
4997 334
4998 340
4999 330
5000 330
5001 338
5002 335
5003 336
5004 335
5005 335
5006 335
5007 335
5008 335
5009 337
5010 339
5011 333
5012 333
5013 333
5014 333
5015 340
5016 331
5017 331
5018 339
5019 336
5020 337
5021 341
5022 334
5023 334
5024 341
5025 336
5026 338
5027 334
5028 332
5029 338
5030 337
5031 337
5032 344
5033 335
5034 335
5035 349
5036 339
5037 341
5038 337
5039 337
5040 312
5041 337
5042 337
5043 339
5044 338
5045 338
5046 338
5047 338
5048 338
5049 345
5050 336
5051 336
5052 342
5053 338
5054 340
5055 340
5056 334
5057 334
5058 343
5059 339
5060 340
5061 342
5062 336
5063 342
5064 339
5065 339
5066 342
5067 334
5068 334
5069 343
5070 339
5071 341
5072 344
5073 337
5074 337
5075 340
5076 340
5077 346
5078 335
5079 347
5080 342
5081 340
5082 342
5083 345
5084 338
5085 338
5086 347
5087 343
5088 344
5089 343
5090 338
5091 344
5092 341
5093 342
5094 344
5095 336
5096 336
5097 345
5098 341
5099 343
5100 345
5101 339
5102 345
5103 342
5104 342
5105 348
5106 337
5107 337
5108 344
5109 342
5110 343
5111 347
5112 340
5113 340
5114 348
5115 342
5116 350
5117 340
5118 340
5119 347
5120 343
5121 344
5122 348
5123 350
5124 341
5125 348
5126 343
5127 345
5128 343
5129 343
5130 343
5131 343
5132 345
5133 346
5134 339
5135 339
5136 348
5137 344
5138 350
5139 339
5140 339
5141 346
5142 317
5143 344
5144 350
5145 342
5146 342
5147 349
5148 346
5149 346
5150 353
5151 342
5152 347
5153 345
5154 345
5155 347
5156 345
5157 345
5158 345
5159 345
5160 347
5161 345
5162 345
5163 346
5164 346
5165 346
5166 354
5167 346
5168 346
5169 346
5170 346
5171 348
5172 346
5173 346
5174 346
5175 346
5176 346
5177 347
5178 347
5179 347
5180 347
5181 347
5182 348
5183 351
5184 344
5185 349
5186 347
5187 347
5188 349
5189 347
5190 347
5191 347
5192 347
5193 347
5194 348
5195 348
5196 348
5197 348
5198 348
5199 350
5200 350
5201 351
5202 350
5203 350
5204 352
5205 349
5206 348
5207 348
5208 349
5209 367
5210 350
5211 350
5212 349
5213 349
5214 349
5215 350
5216 341
5217 349
5218 349
5219 349
5220 355
5221 349
5222 349
5223 350
5224 350
5225 350
5226 350
5227 350
5228 350
5229 350
5230 350
5231 352
5232 350
5233 350
5234 350
5235 350
5236 350
5237 352
5238 351
5239 351
5240 351
5241 351
5242 352
5243 351
5244 351
5245 351
5246 351
5247 351
5248 351
5249 351
5250 351
5251 364
5252 352
5253 337
5254 352
5255 352
5256 352
5257 351
5258 351
5259 352
5260 352
5261 352
5262 352
5263 352
5264 354
5265 352
5266 353
5267 353
5268 353
5269 358
5270 353
5271 353
5272 353
5273 353
5274 353
5275 354
5276 353
5277 353
5278 353
5279 352
5280 355
5281 353
5282 354
5283 354
5284 354
5285 354
5286 353
5287 354
5288 354
5289 354
5290 352
5291 356
5292 354
5293 354
5294 365
5295 355
5296 356
5297 355
5298 355
5299 355
5300 361
5301 357
5302 363
5303 355
5304 355
5305 355
5306 355
5307 357
5308 355
5309 355
5310 355
5311 355
5312 357
5313 356
5314 356
5315 356
5316 356
5317 356
5318 357
5319 356
5320 356
5321 356
5322 356
5323 356
5324 356
5325 356
5326 357
5327 357
5328 357
5329 357
5330 357
5331 357
5332 357
5333 357
5334 359
5335 357
5336 531
5337 503
5338 540
5339 515
5340 516
5341 543
5342 546
5343 524
5344 506
5345 552
5346 615
5347 546
5348 573
5349 564
5350 561
5351 624
5352 574
5353 583
5354 584
5355 564
5356 515
5357 525
5358 527
5359 522
5360 549
5361 548
5362 536
5363 380
5364 377
5365 377
5366 377
5367 395
5368 362
5369 362
5370 362
5371 362
5372 362
5373 362
5374 362
5375 362
5376 362
5377 385
5378 363
5379 363
5380 362
5381 363
5382 379
5383 361
5384 363
5385 363
5386 425
5387 383
5388 412
5389 372
5390 373
5391 400
5392 378
5393 361
5394 384
5395 403
5396 361
5397 406
5398 364
5399 363
5400 364
5401 364
5402 871
5403 362
5404 362
5405 362
5406 405
5407 355
5408 336
5409 365
5410 394
5411 399
5412 375
5413 365
5414 365
5415 379
5416 396
5417 392
5418 366
5419 365
5420 365
5421 395
5422 363
5423 363
5424 363
5425 363
5426 367
5427 363
5428 363
5429 363
5430 363
5431 380
5432 403
5433 367
5434 366
5435 366
5436 387
5437 338
5438 367
5439 372
5440 380
5441 371
5442 375
5443 365
5444 364
5445 364
5446 365
5447 390
5448 367
5449 367
5450 368
5451 367
5452 456
5453 368
5454 368
5455 368
5456 368
5457 397
5458 368
5459 368
5460 368
5461 368
5462 410
5463 369
5464 368
5465 372
5466 366
5467 366
5468 366
5469 366
5470 366
5471 370
5472 377
5473 367
5474 366
5475 366
5476 367
5477 374
5478 367
5479 367
5480 376
5481 367
5482 375
5483 367
5484 367
5485 367
5486 367
5487 367
5488 367
5489 367
5490 367
5491 368
5492 368
5493 368
5494 368
5495 368
5496 375
5497 371
5498 371
5499 371
5500 371
5501 375
5502 368
5503 368
5504 368
5505 368
5506 369
5507 369
5508 369
5509 369
5510 369
5511 369
5512 369
5513 369
5514 374
5515 367
5516 367
5517 367
5518 367
5519 375
5520 370
5521 375
5522 370
5523 370
5524 370
5525 370
5526 370
5527 375
5528 367
5529 368
5530 368
5531 368
5532 368
5533 368
5534 368
5535 368
5536 368
5537 368
5538 368
5539 368
5540 368
5541 368
5542 368
5543 368
5544 369
5545 369
5546 369
5547 369
5548 369
5549 369
5550 369
5551 369
5552 369
5553 369
5554 369
5555 369
5556 369
5557 369
5558 369
5559 370
5560 370
5561 373
5562 370
5563 370
5564 370
5565 370
5566 370
5567 370
5568 370
5569 370
5570 370
5571 370
5572 370
5573 371
5574 370
5575 371
5576 371
5577 371
5578 371
5579 371
5580 371
5581 371
5582 371
5583 371
5584 371
5585 371
5586 371
5587 371
5588 371
5589 374
5590 373
5591 372
5592 372
5593 372
5594 372
5595 372
5596 372
5597 372
5598 372
5599 372
5600 372
5601 378
5602 377
5603 373
5604 372
5605 373
5606 373
5607 373
5608 373
5609 373
5610 373
5611 373
5612 373
5613 373
5614 373
5615 373
5616 373
5617 373
5618 373
5619 374
5620 374
5621 374
5622 374
5623 376
5624 374
5625 375
5626 374
5627 374
5628 374
5629 374
5630 374
5631 374
5632 375
5633 375
5634 375
5635 375
5636 375
5637 375
5638 375
5639 375
5640 375
5641 379
5642 375
5643 375
5644 375
5645 375
5646 375
5647 375
5648 375
5649 376
5650 376
5651 376
5652 376
5653 376
5654 376
5655 376
5656 376
5657 376
5658 376
5659 376
5660 376
5661 376
5662 376
5663 376
5664 377
5665 377
5666 377
5667 377
5668 377
5669 377
5670 377
5671 377
5672 377
5673 377
5674 377
5675 377
5676 377
5677 377
5678 378
5679 378
5680 378
5681 382
5682 378
5683 378
5684 378
5685 378
5686 378
5687 378
5688 378
5689 378
5690 378
5691 378
5692 378
5693 379
5694 379
5695 379
5696 379
5697 379
5698 379
5699 379
5700 379
5701 379
5702 379
5703 379
5704 379
5705 379
5706 379
5707 379
5708 380
5709 380
5710 380
5711 380
5712 380
5713 380
5714 380
5715 380
5716 380
5717 380
5718 380
5719 380
5720 380
5721 385
5722 380
5723 380
5724 381
5725 381
5726 381
5727 381
5728 381
5729 381
5730 381
5731 381
5732 381
5733 381
5734 381
5735 381
5736 382
5737 382
5738 382
5739 382
5740 382
5741 382
5742 382
5743 382
5744 382
5745 382
5746 382
5747 382
5748 382
5749 382
5750 382
5751 382
5752 382
5753 383
5754 383
5755 383
5756 383
5757 383
5758 383
5759 383
5760 387
5761 383
5762 383
5763 383
5764 383
5765 383
5766 383
5767 383
5768 384
5769 384
5770 384
5771 384
5772 384
5773 384
5774 384
5775 384
5776 384
5777 384
5778 384
5779 384
5780 384
5781 384
5782 384
5783 385
5784 385
5785 385
5786 385
5787 385
5788 385
5789 385
5790 385
5791 385
5792 385
5793 385
5794 385
5795 385
5796 385
5797 385
5798 386
5799 391
5800 386
5801 386
5802 386
5803 386
5804 386
5805 386
5806 386
5807 386
5808 386
5809 386
5810 386
5811 386
5812 386
5813 387
5814 387
5815 387
5816 387
5817 387
5818 387
5819 387
5820 387
5821 387
5822 387
5823 387
5824 387
5825 387
5826 387
5827 387
5828 388
5829 388
5830 388
5831 388
5832 388
5833 388
5834 388
5835 388
5836 388
5837 388
5838 393
5839 388
5840 388
5841 388
5842 388
5843 388
5844 389
5845 389
5846 389
5847 389
5848 389
5849 389
5850 389
5851 389
5852 389
5853 389
5854 389
5855 389
5856 389
5857 390
5858 390
5859 390
5860 390
5861 390
5862 390
5863 390
5864 390
5865 390
5866 390
5867 390
5868 390
5869 390
5870 390
5871 390
5872 390
5873 391
5874 391
5875 391
5876 395
5877 391
5878 391
5879 391
5880 391
5881 391
5882 391
5883 391
5884 391
5885 391
5886 391
5887 391
5888 392
5889 392
5890 392
5891 392
5892 392
5893 392
5894 392
5895 392
5896 392
5897 392
5898 392
5899 392
5900 392
5901 392
5902 392
5903 393
5904 393
5905 393
5906 393
5907 393
5908 393
5909 393
5910 393
5911 393
5912 393
5913 393
5914 394
5915 400
5916 393
5917 393
5918 393
5919 394
5920 394
5921 394
5922 394
5923 394
5924 394
5925 394
5926 394
5927 394
5928 394
5929 394
5930 394
5931 394
5932 394
5933 394
5934 394
5935 395
5936 395
5937 395
5938 395
5939 395
5940 395
5941 395
5942 395
5943 395
5944 395
5945 395
5946 395
5947 395
5948 395
5949 396
5950 396
5951 396
5952 396
5953 396
5954 396
5955 396
5956 396
5957 396
5958 396
5959 396
5960 396
5961 396
5962 396
5963 396
5964 396
5965 396
5966 397
5967 397
5968 397
5969 397
5970 397
5971 397
5972 397
5973 397
5974 397
5975 397
5976 397
5977 397
5978 397
5979 398
5980 398
5981 398
5982 398
5983 398
5984 398
5985 398
5986 398
5987 398
5988 398
5989 398
5990 397
5991 398
5992 398
5993 398
5994 399
5995 399
5996 399
5997 399
5998 399
5999 399
6000 399
6001 399
6002 399
6003 399
6004 399
6005 399
6006 399
6007 399
6008 399
6009 399
6010 400
6011 400
6012 400
6013 400
6014 404
6015 397
6016 404
6017 400
6018 400
6019 404
6020 397
6021 397
6022 397
6023 397
6024 398
6025 398
6026 398
6027 398
6028 402
6029 398
6030 398
6031 398
6032 398
6033 398
6034 398
6035 398
6036 398
6037 399
6038 399
6039 399
6040 402
6041 401
6042 402
6043 402
6044 402
6045 407
6046 399
6047 399
6048 399
6049 399
6050 407
6051 402
6052 408
6053 400
6054 400
6055 408
6056 403
6057 403
6058 403
6059 403
6060 403
6061 403
6062 407
6063 400
6064 407
6065 407
6066 403
6067 403
6068 403
6069 403
6070 404
6071 409
6072 401
6073 401
6074 401
6075 401
6076 401
6077 401
6078 401
6079 410
6080 404
6081 409
6082 401
6083 409
6084 404
6085 404
6086 405
6087 405
6088 405
6089 405
6090 409
6091 402
6092 402
6093 411
6094 405
6095 410
6096 402
6097 402
6098 411
6099 405
6100 410
6101 403
6102 414
6103 406
6104 406
6105 410
6106 403
6107 411
6108 406
6109 412
6110 403
6111 403
6112 412
6113 406
6114 411
6115 404
6116 404
6117 411
6118 407
6119 407
6120 407
6121 407
6122 407
6123 407
6124 406
6125 404
6126 412
6127 407
6128 412
6129 404
6130 405
6131 414
6132 408
6133 412
6134 405
6135 412
6136 408
6137 408
6138 411
6139 409
6140 437
6141 408
6142 408
6143 408
6144 408
6145 408
6146 409
6147 410
6148 409
6149 409
6150 409
6151 409
6152 409
6153 409
6154 409
6155 409
6156 415
6157 406
6158 406
6159 415
6160 410
6161 415
6162 407
6163 413
6164 410
6165 410
6166 414
6167 407
6168 415
6169 410
6170 416
6171 407
6172 407
6173 416
6174 410
6175 415
6176 412
6177 413
6178 411
6179 411
6180 411
6181 411
6182 411
6183 411
6184 417
6185 408
6186 408
6187 417
6188 411
6189 416
6190 409
6191 413
6192 412
6193 412
6194 416
6195 409
6196 417
6197 412
6198 418
6199 409
6200 409
6201 418
6202 412
6203 417
6204 410
6205 417
6206 413
6207 413
6208 417
6209 410
6210 418
6211 413
6212 417
6213 413
6214 413
6215 413
6216 413
6217 418
6218 411
6219 418
6220 414
6221 414
6222 418
6223 411
6224 419
6225 414
6226 419
6227 411
6228 411
6229 420
6230 414
6231 418
6232 411
6233 419
6234 414
6235 414
6236 416
6237 412
6238 420
6239 415
6240 419
6241 412
6242 412
6243 421
6244 415
6245 419
6246 412
6247 420
6248 419
6249 415
6250 416
6251 416
6252 416
6253 416
6254 421
6255 413
6256 420
6257 416
6258 416
6259 420
6260 413
6261 421
6262 416
6263 422
6264 414
6265 414
6266 423
6267 417
6268 421
6269 414
6270 422
6271 417
6272 417
6273 417
6274 417
6275 417
6276 417
6277 422
6278 414
6279 421
6280 417
6281 418
6282 421
6283 415
6284 427
6285 418
6286 428
6287 422
6288 418
6289 429
6290 425
6291 418
6292 418
6293 418
6294 418
6295 426
6296 419
6297 419
6298 419
6299 419
6300 419
6301 419
6302 419
6303 419
6304 419
6305 419
6306 419
6307 419
6308 419
6309 419
6310 420
6311 420
6312 420
6313 420
6314 420
6315 420
6316 420
6317 420
6318 420
6319 420
6320 425
6321 420
6322 420
6323 420
6324 421
6325 421
6326 421
6327 421
6328 421
6329 421
6330 421
6331 421
6332 421
6333 421
6334 421
6335 421
6336 421
6337 421
6338 421
6339 421
6340 422
6341 422
6342 422
6343 422
6344 422
6345 422
6346 422
6347 422
6348 422
6349 422
6350 422
6351 422
6352 422
6353 422
6354 422
6355 423
6356 427
6357 423
6358 423
6359 423
6360 423
6361 423
6362 423
6363 423
6364 423
6365 423
6366 423
6367 423
6368 423
6369 423
6370 423
6371 424
6372 424
6373 424
6374 424
6375 424
6376 424
6377 424
6378 424
6379 424
6380 424
6381 424
6382 424
6383 424
6384 424
6385 424
6386 425
6387 425
6388 425
6389 425
6390 425
6391 438
6392 425
6393 425
6394 425
6395 425
6396 425
6397 425
6398 425
6399 426
6400 426
6401 426
6402 426
6403 426
6404 426
6405 426
6406 426
6407 426
6408 426
6409 426
6410 426
6411 426
6412 426
6413 426
6414 427
6415 427
6416 427
6417 427
6418 427
6419 426
6420 427
6421 427
6422 427
6423 427
6424 427
6425 427
6426 427
6427 431
6428 427
6429 428
6430 428
6431 428
6432 428
6433 428
6434 428
6435 428
6436 428
6437 428
6438 428
6439 428
6440 428
6441 428
6442 428
6443 429
6444 429
6445 429
6446 429
6447 429
6448 429
6449 429
6450 429
6451 429
6452 429
6453 429
6454 429
6455 429
6456 429
6457 429
6458 430
6459 429
6460 430
6461 430
6462 496
6463 430
6464 430
6465 430
6466 430
6467 430
6468 430
6469 430
6470 430
6471 430
6472 430
6473 430
6474 431
6475 431
6476 431
6477 431
6478 431
6479 431
6480 431
6481 431
6482 431
6483 431
6484 431
6485 431
6486 431
6487 431
6488 431
6489 432
6490 432
6491 432
6492 432
6493 432
6494 432
6495 431
6496 441
6497 432
6498 432
6499 432
6500 432
6501 432
6502 432
6503 432
6504 433
6505 433
6506 433
6507 433
6508 433
6509 433
6510 433
6511 433
6512 433
6513 433
6514 433
6515 433
6516 433
6517 433
6518 433
6519 433
6520 434
6521 434
6522 434
6523 434
6524 434
6525 434
6526 434
6527 434
6528 434
6529 434
6530 434
6531 451
6532 434
6533 434
6534 434
6535 435
6536 435
6537 435
6538 435
6539 435
6540 435
6541 435
6542 435
6543 435
6544 435
6545 435
6546 435
6547 435
6548 435
6549 435
6550 436
6551 436
6552 436
6553 436
6554 436
6555 436
6556 436
6557 436
6558 436
6559 436
6560 436
6561 436
6562 436
6563 436
6564 436
6565 437
6566 443
6567 437
6568 437
6569 437
6570 437
6571 437
6572 437
6573 437
6574 437
6575 437
6576 437
6577 437
6578 437
6579 438
6580 438
6581 438
6582 438
6583 438
6584 438
6585 438
6586 438
6587 438
6588 438
6589 438
6590 438
6591 438
6592 438
6593 438
6594 438
6595 438
6596 439
6597 439
6598 439
6599 439
6600 443
6601 439
6602 439
6603 439
6604 439
6605 439
6606 439
6607 439
6608 440
6609 439
6610 440
6611 440
6612 440
6613 440
6614 440
6615 440
6616 440
6617 440
6618 440
6619 440
6620 440
6621 440
6622 440
6623 440
6624 440
6625 441
6626 441
6627 441
6628 441
6629 441
6630 441
6631 441
6632 441
6633 441
6634 445
6635 441
6636 441
6637 441
6638 441
6639 441
6640 441
6641 442
6642 442
6643 442
6644 442
6645 442
6646 442
6647 442
6648 442
6649 446
6650 439
6651 447
6652 442
6653 447
6654 439
6655 439
6656 440
6657 440
6658 440
6659 440
6660 450
6661 443
6662 443
6663 443
6664 448
6665 440
6666 440
6667 440
6668 440
6669 440
6670 455
6671 444
6672 444
6673 444
6674 444
6675 444
6676 444
6677 444
6678 444
6679 449
6680 441
6681 448
6682 444
6683 450
6684 441
6685 441
6686 441
6687 441
6688 443
6689 442
6690 450
6691 445
6692 450
6693 442
6694 442
6695 442
6696 442
6697 442
6698 442
6699 442
6700 442
6701 442
6702 447
6703 451
6704 446
6705 446
6706 446
6707 452
6708 443
6709 443
6710 443
6711 443
6712 453
6713 446
6714 450
6715 443
6716 452
6717 447
6718 451
6719 444
6720 444
6721 444
6722 444
6723 444
6724 444
6725 444
6726 444
6727 444
6728 444
6729 444
6730 444
6731 444
6732 445
6733 444
6734 445
6735 445
6736 471
6737 445
6738 454
6739 448
6740 448
6741 448
6742 453
6743 445
6744 445
6745 445
6746 453
6747 448
6748 455
6749 446
6750 446
6751 446
6752 446
6753 446
6754 446
6755 446
6756 446
6757 446
6758 446
6759 446
6760 446
6761 446
6762 446
6763 450
6764 450
6765 450
6766 453
6767 447
6768 447
6769 447
6770 451
6771 447
6772 455
6773 450
6774 456
6775 447
6776 447
6777 447
6778 447
6779 447
6780 448
6781 448
6782 448
6783 448
6784 448
6785 448
6786 448
6787 448
6788 448
6789 455
6790 451
6791 458
6792 448
6793 448
6794 449
6795 449
6796 449
6797 449
6798 449
6799 449
6800 449
6801 449
6802 449
6803 450
6804 456
6805 452
6806 452
6807 453
6808 453
6809 452
6810 450
6811 450
6812 450
6813 450
6814 450
6815 458
6816 453
6817 458
6818 450
6819 450
6820 450
6821 450
6822 450
6823 450
6824 458
6825 454
6826 457
6827 451
6828 451
6829 451
6830 451
6831 451
6832 460
6833 454
6834 454
6835 454
6836 459
6837 454
6838 455
6839 455
6840 455
6841 455
6842 460
6843 452
6844 452
6845 461
6846 455
6847 458
6848 452
6849 452
6850 452
6851 452
6852 452
6853 452
6854 452
6855 452
6856 453
6857 460
6858 456
6859 462
6860 453
6861 453
6862 463
6863 456
6864 456
6865 456
6866 460
6867 453
6868 454
6869 453
6870 480
6871 457
6872 462
6873 454
6874 454
6875 453
6876 454
6877 454
6878 454
6879 454
6880 454
6881 454
6882 454
6883 454
6884 454
6885 454
6886 455
6887 455
6888 455
6889 455
6890 455
6891 462
6892 458
6893 458
6894 458
6895 464
6896 455
6897 455
6898 456
6899 456
6900 465
6901 459
6902 462
6903 461
6904 456
6905 456
6906 456
6907 456
6908 456
6909 456
6910 456
6911 456
6912 456
6913 456
6914 457
6915 456
6916 457
6917 457
6918 457
6919 457
6920 457
6921 457
6922 457
6923 457
6924 457
6925 457
6926 457
6927 457
6928 457
6929 465
6930 461
6931 466
6932 458
6933 458
6934 458
6935 458
6936 462
6937 458
6938 468
6939 461
6940 461
6941 461
6942 466
6943 458
6944 459
6945 459
6946 459
6947 459
6948 459
6949 459
6950 459
6951 459
6952 459
6953 459
6954 459
6955 459
6956 459
6957 459
6958 459
6959 459
6960 460
6961 460
6962 459
6963 459
6964 460
6965 460
6966 460
6967 460
6968 464
6969 468
6970 463
6971 463
6972 464
6973 469
6974 460
6975 460
6976 461
6977 461
6978 461
6979 461
6980 461
6981 461
6982 461
6983 461
6984 470
6985 464
6986 468
6987 461
6988 461
6989 461
6990 462
6991 461
6992 462
6993 462
6994 461
6995 462
6996 462
6997 462
6998 462
6999 462
7000 462
7001 482
7002 467
7003 466
7004 466
7005 466
7006 466
7007 469
7008 463
7009 463
7010 463
7011 463
7012 463
7013 463
7014 428
7015 463
7016 463
7017 471
7018 467
7019 472
7020 463
7021 463
7022 464
7023 464
7024 464
7025 464
7026 464
7027 464
7028 464
7029 464
7030 464
7031 464
7032 464
7033 464
7034 479
7035 468
7036 468
7037 468
7038 472
7039 465
7040 465
7041 465
7042 465
7043 465
7044 465
7045 465
7046 465
7047 465
7048 465
7049 465
7050 473
7051 469
7052 475
7053 466
7054 466
7055 466
7056 466
7057 466
7058 466
7059 466
7060 466
7061 466
7062 466
7063 466
7064 466
7065 466
7066 470
7067 475
7068 470
7069 470
7070 470
7071 475
7072 467
7073 467
7074 467
7075 475
7076 470
7077 475
7078 467
7079 475
7080 471
7081 476
7082 467
7083 468
7084 433
7085 468
7086 468
7087 468
7088 468
7089 468
7090 468
7091 468
7092 468
7093 468
7094 468
7095 468
7096 468
7097 468
7098 485
7099 469
7100 469
7101 469
7102 469
7103 469
7104 469
7105 469
7106 469
7107 469
7108 469
7109 469
7110 469
7111 469
7112 469
7113 470
7114 470
7115 470
7116 470
7117 470
7118 470
7119 470
7120 470
7121 469
7122 470
7123 470
7124 470
7125 470
7126 470
7127 471
7128 471
7129 471
7130 484
7131 471
7132 471
7133 471
7134 471
7135 471
7136 471
7137 471
7138 471
7139 471
7140 471
7141 471
7142 471
7143 472
7144 471
7145 472
7146 472
7147 472
7148 472
7149 472
7150 472
7151 472
7152 472
7153 472
7154 472
7155 472
7156 472
7157 472
7158 472
7159 473
7160 473
7161 473
7162 477
7163 478
7164 476
7165 476
7166 476
7167 480
7168 473
7169 473
7170 473
7171 473
7172 474
7173 474
7174 474
7175 474
7176 474
7177 474
7178 474
7179 474
7180 474
7181 474
7182 474
7183 474
7184 474
7185 474
7186 474
7187 474
7188 475
7189 475
7190 475
7191 475
7192 475
7193 475
7194 490
7195 475
7196 482
7197 478
7198 479
7199 479
7200 483
7201 475
7202 476
7203 476
7204 476
7205 476
7206 476
7207 476
7208 476
7209 476
7210 476
7211 476
7212 476
7213 476
7214 476
7215 476
7216 476
7217 477
7218 477
7219 477
7220 477
7221 477
7222 477
7223 477
7224 477
7225 477
7226 489
7227 484
7228 484
7229 481
7230 486
7231 477
7232 477
7233 478
7234 478
7235 478
7236 478
7237 478
7238 478
7239 478
7240 478
7241 478
7242 478
7243 478
7244 478
7245 478
7246 478
7247 478
7248 478
7249 488
7250 482
7251 485
7252 479
7253 479
7254 479
7255 479
7256 479
7257 493
7258 479
7259 479
7260 479
7261 479
7262 480
7263 479
7264 480
7265 480
7266 480
7267 480
7268 480
7269 480
7270 480
7271 480
7272 480
7273 480
7274 480
7275 480
7276 480
7277 480
7278 480
7279 481
7280 481
7281 481
7282 481
7283 481
7284 481
7285 481
7286 481
7287 481
7288 481
7289 504
7290 481
7291 481
7292 481
7293 481
7294 481
7295 482
7296 481
7297 482
7298 482
7299 482
7300 482
7301 482
7302 482
7303 482
7304 482
7305 482
7306 482
7307 482
7308 483
7309 483
7310 483
7311 483
7312 483
7313 483
7314 483
7315 483
7316 483
7317 483
7318 483
7319 483
7320 496
7321 493
7322 483
7323 492
7324 487
7325 490
7326 484
7327 484
7328 484
7329 492
7330 487
7331 491
7332 484
7333 484
7334 484
7335 484
7336 484
7337 484
7338 485
7339 485
7340 485
7341 485
7342 485
7343 485
7344 485
7345 485
7346 485
7347 485
7348 485
7349 485
7350 485
7351 489
7352 485
7353 485
7354 486
7355 495
7356 489
7357 492
7358 486
7359 486
7360 486
7361 486
7362 486
7363 486
7364 486
7365 486
7366 486
7367 486
7368 486
7369 487
7370 487
7371 487
7372 487
7373 487
7374 487
7375 487
7376 487
7377 487
7378 487
7379 487
7380 487
7381 487
7382 502
7383 487
7384 487
7385 488
7386 488
7387 488
7388 488
7389 488
7390 488
7391 488
7392 488
7393 488
7394 488
7395 488
7396 488
7397 488
7398 488
7399 489
7400 489
7401 489
7402 489
7403 489
7404 489
7405 489
7406 488
7407 489
7408 489
7409 489
7410 489
7411 489
7412 489
7413 493
7414 490
7415 489
7416 490
7417 490
7418 490
7419 490
7420 490
7421 490
7422 490
7423 490
7424 490
7425 490
7426 490
7427 490
7428 490
7429 490
7430 491
7431 491
7432 491
7433 491
7434 491
7435 491
7436 491
7437 491
7438 491
7439 491
7440 491
7441 491
7442 491
7443 491
7444 495
7445 491
7446 500
7447 495
7448 495
7449 495
7450 495
7451 495
7452 497
7453 492
7454 492
7455 492
7456 492
7457 492
7458 492
7459 492
7460 492
7461 493
7462 493
7463 493
7464 493
7465 493
7466 493
7467 493
7468 493
7469 493
7470 493
7471 493
7472 493
7473 493
7474 493
7475 481
7476 499
7477 497
7478 497
7479 502
7480 494
7481 494
7482 494
7483 494
7484 494
7485 494
7486 494
7487 494
7488 494
7489 494
7490 494
7491 494
7492 495
7493 495
7494 495
7495 495
7496 495
7497 495
7498 495
7499 495
7500 495
7501 495
7502 495
7503 495
7504 495
7505 508
7506 495
7507 496
7508 496
7509 496
7510 496
7511 496
7512 496
7513 496
7514 496
7515 496
7516 496
7517 496
7518 496
7519 496
7520 496
7521 497
7522 496
7523 497
7524 497
7525 497
7526 497
7527 497
7528 497
7529 497
7530 497
7531 497
7532 497
7533 497
7534 497
7535 497
7536 501
7537 498
7538 507
7539 501
7540 501
7541 498
7542 498
7543 498
7544 498
7545 498
7546 498
7547 498
7548 498
7549 498
7550 498
7551 498
7552 498
7553 498
7554 499
7555 499
7556 499
7557 499
7558 499
7559 499
7560 499
7561 499
7562 499
7563 499
7564 499
7565 499
7566 504
7567 508
7568 503
7569 503
7570 503
7571 503
7572 500
7573 500
7574 500
7575 500
7576 500
7577 500
7578 500
7579 500
7580 500
7581 500
7582 500
7583 500
7584 501
7585 501
7586 501
7587 501
7588 501
7589 501
7590 501
7591 501
7592 501
7593 501
7594 501
7595 501
7596 508
7597 501
7598 511
7599 505
7600 505
7601 511
7602 502
7603 502
7604 502
7605 502
7606 502
7607 502
7608 502
7609 502
7610 502
7611 502
7612 502
7613 503
7614 503
7615 503
7616 503
7617 503
7618 503
7619 503
7620 503
7621 503
7622 503
7623 503
7624 503
7625 503
7626 507
7627 504
7628 508
7629 507
7630 513
7631 504
7632 504
7633 504
7634 504
7635 504
7636 504
7637 504
7638 504
7639 504
7640 504
7641 504
7642 504
7643 504
7644 505
7645 505
7646 505
7647 505
7648 505
7649 505
7650 505
7651 505
7652 505
7653 505
7654 505
7655 505
7656 510
7657 513
7658 509
7659 509
7660 509
7661 513
7662 506
7663 506
7664 506
7665 506
7666 506
7667 506
7668 506
7669 506
7670 506
7671 506
7672 468
7673 506
7674 507
7675 507
7676 507
7677 507
7678 507
7679 507
7680 507
7681 507
7682 507
7683 507
7684 507
7685 507
7686 522
7687 507
7688 517
7689 511
7690 511
7691 511
7692 510
7693 508
7694 508
7695 508
7696 508
7697 508
7698 508
7699 508
7700 508
7701 508
7702 508
7703 508
7704 508
7705 509
7706 509
7707 509
7708 509
7709 509
7710 509
7711 509
7712 509
7713 509
7714 509
7715 509
7716 512
7717 509
7718 510
7719 510
7720 510
7721 510
7722 510
7723 510
7724 510
7725 510
7726 510
7727 510
7728 510
7729 510
7730 510
7731 511
7732 510
7733 511
7734 511
7735 511
7736 511
7737 511
7738 511
7739 511
7740 511
7741 511
7742 511
7743 511
7744 511
7745 516
7746 511
7747 520
7748 515
7749 515
7750 515
7751 515
7752 521
7753 512
7754 512
7755 512
7756 512
7757 512
7758 512
7759 512
7760 512
7761 512
7762 512
7763 513
7764 513
7765 513
7766 513
7767 513
7768 513
7769 513
7770 513
7771 513
7772 513
7773 513
7774 513
7775 527
7776 513
7777 522
7778 517
7779 520
7780 514
7781 514
7782 514
7783 514
7784 514
7785 514
7786 514
7787 514
7788 514
7789 514
7790 514
7791 514
7792 514
7793 515
7794 515
7795 515
7796 515
7797 515
7798 515
7799 515
7800 515
7801 515
7802 515
7803 515
7804 527
7805 515
7806 515
7807 524
7808 519
7809 523
7810 516
7811 515
7812 516
7813 516
7814 516
7815 516
7816 516
7817 516
7818 516
7819 516
7820 516
7821 516
7822 516
7823 516
7824 516
7825 517
7826 517
7827 517
7828 517
7829 517
7830 517
7831 517
7832 517
7833 517
7834 525
7835 525
7836 521
7837 521
7838 521
7839 525
7840 518
7841 518
7842 515
7843 532
7844 521
7845 510
7846 497
7847 523
7848 525
7849 522
7850 522
7851 522
7852 525
7853 519
7854 518
7855 519
7856 519
7857 519
7858 519
7859 519
7860 519
7861 519
7862 519
7863 532
7864 519
7865 519
7866 519
7867 521
7868 520
7869 520
7870 520
7871 520
7872 520
7873 520
7874 520
7875 525
7876 528
7877 523
7878 524
7879 524
7880 527
7881 520
7882 520
7883 520
7884 520
7885 521
7886 521
7887 521
7888 521
7889 521
7890 521
7891 521
7892 524
7893 534
7894 525
7895 525
7896 531
7897 521
7898 521
7899 521
7900 522
7901 522
7902 522
7903 522
7904 522
7905 522
7906 522
7907 522
7908 522
7909 522
7910 522
7911 522
7912 522
7913 522
7914 522
7915 522
7916 524
7917 523
7918 523
7919 523
7920 523
7921 538
7922 529
7923 527
7924 527
7925 527
7926 531
7927 523
7928 524
7929 523
7930 523
7931 524
7932 524
7933 524
7934 524
7935 524
7936 524
7937 524
7938 524
7939 524
7940 524
7941 524
7942 524
7943 524
7944 524
7945 524
7946 525
7947 525
7948 525
7949 525
7950 538
7951 525
7952 534
7953 529
7954 532
7955 525
7956 525
7957 525
7958 525
7959 525
7960 525
7961 525
7962 526
7963 526
7964 526
7965 526
7966 526
7967 526
7968 526
7969 526
7970 526
7971 526
7972 526
7973 526
7974 526
7975 526
7976 526
7977 527
7978 539
7979 527
7980 527
7981 527
7982 527
7983 527
7984 527
7985 527
7986 527
7987 527
7988 527
7989 527
7990 527
7991 527
7992 528
7993 528
7994 528
7995 528
7996 528
7997 528
7998 528
7999 528
8000 528
8001 528
8002 491
8003 528
8004 528
8005 528
8006 529
8007 541
8008 528
8009 529
8010 528
8011 529
8012 529
8013 529
8014 529
8015 529
8016 529
8017 529
8018 529
8019 529
8020 529
8021 529
8022 530
8023 530
8024 530
8025 530
8026 530
8027 530
8028 530
8029 530
8030 530
8031 530
8032 530
8033 530
8034 530
8035 530
8036 534
8037 530
8038 501
8039 534
8040 539
8041 531
8042 531
8043 531
8044 531
8045 531
8046 531
8047 531
8048 531
8049 531
8050 531
8051 531
8052 531
8053 532
8054 532
8055 532
8056 531
8057 532
8058 532
8059 532
8060 532
8061 531
8062 532
8063 531
8064 537
8065 532
8066 541
8067 540
8068 532
8069 533
8070 533
8071 533
8072 533
8073 532
8074 532
8075 533
8076 533
8077 533
8078 533
8079 533
8080 533
8081 533
8082 533
8083 534
8084 534
8085 534
8086 534
8087 534
8088 534
8089 534
8090 534
8091 534
8092 534
8093 548
8094 534
8095 543
8096 538
8097 538
8098 535
8099 534
8100 534
8101 535
8102 535
8103 535
8104 534
8105 535
8106 535
8107 535
8108 535
8109 535
8110 535
8111 535
8112 535
8113 536
8114 536
8115 536
8116 536
8117 536
8118 536
8119 536
8120 536
8121 539
8122 536
8123 536
8124 546
8125 540
8126 539
8127 536
8128 537
8129 537
8130 537
8131 537
8132 537
8133 537
8134 537
8135 537
8136 537
8137 537
8138 537
8139 537
8140 537
8141 537
8142 537
8143 537
8144 538
8145 538
8146 538
8147 538
8148 538
8149 542
8150 538
8151 547
8152 542
8153 542
8154 547
8155 538
8156 538
8157 538
8158 539
8159 539
8160 539
8161 539
8162 539
8163 539
8164 539
8165 539
8166 539
8167 539
8168 539
8169 539
8170 539
8171 539
8172 539
8173 540
8174 540
8175 539
8176 540
8177 543
8178 546
8179 540
8180 550
8181 550
8182 540
8183 540
8184 540
8185 540
8186 540
8187 540
8188 541
8189 541
8190 541
8191 541
8192 541
8193 541
8194 541
8195 541
8196 541
8197 541
8198 541
8199 541
8200 541
8201 541
8202 541
8203 541
8204 542
8205 545
8206 542
8207 542
8208 542
8209 542
8210 542
8211 504
8212 542
8213 542
8214 542
8215 542
8216 542
8217 543
8218 543
8219 543
8220 543
8221 543
8222 542
8223 543
8224 543
8225 543
8226 543
8227 543
8228 543
8229 543
8230 543
8231 543
8232 543
8233 548
8234 543
8235 544
8236 544
8237 544
8238 544
8239 544
8240 544
8241 544
8242 544
8243 544
8244 544
8245 544
8246 544
8247 544
8248 544
8249 545
8250 545
8251 545
8252 545
8253 545
8254 545
8255 545
8256 545
8257 545
8258 545
8259 545
8260 545
8261 559
8262 545
8263 545
8264 545
8265 546
8266 546
8267 546
8268 546
8269 546
8270 546
8271 546
8272 546
8273 546
8274 546
8275 546
8276 546
8277 546
8278 546
8279 546
8280 547
8281 547
8282 547
8283 547
8284 547
8285 547
8286 547
8287 509
8288 547
8289 661
8290 715
8291 718
8292 681
8293 549
8294 551
8295 551
8296 556
8297 548
8298 548
8299 548
8300 548
8301 548
8302 548
8303 548
8304 548
8305 548
8306 548
8307 548
8308 548
8309 548
8310 548
8311 548
8312 549
8313 549
8314 549
8315 549
8316 570
8317 549
8318 549
8319 549
8320 549
8321 549
8322 549
8323 549
8324 549
8325 549
8326 550
8327 550
8328 550
8329 550
8330 550
8331 550
8332 550
8333 550
8334 550
8335 550
8336 550
8337 550
8338 550
8339 550
8340 550
8341 550
8342 551
8343 563
8344 551
8345 551
8346 551
8347 551
8348 551
8349 551
8350 551
8351 551
8352 551
8353 551
8354 551
8355 551
8356 552
8357 551
8358 552
8359 552
8360 552
8361 551
8362 552
8363 552
8364 552
8365 552
8366 552
8367 552
8368 552
8369 552
8370 552
8371 564
8372 552
8373 553
8374 561
8375 556
8376 560
8377 553
8378 553
8379 553
8380 553
8381 553
8382 553
8383 553
8384 553
8385 553
8386 553
8387 553
8388 554
8389 554
8390 554
8391 554
8392 554
8393 554
8394 554
8395 554
8396 554
8397 554
8398 565
8399 554
8400 561
8401 558
8402 562
8403 555
8404 555
8405 555
8406 555
8407 555
8408 555
8409 555
8410 555
8411 555
8412 555
8413 555
8414 555
8415 555
8416 555
8417 555
8418 556
8419 556
8420 556
8421 556
8422 556
8423 556
8424 556
8425 570
8426 556
8427 556
8428 556
8429 556
8430 556
8431 556
8432 556
8433 557
8434 557
8435 557
8436 557
8437 557
8438 557
8439 557
8440 557
8441 557
8442 557
8443 514
8444 556
8445 557
8446 557
8447 557
8448 557
8449 557
8450 558
8451 558
8452 557
8453 580
8454 557
8455 558
8456 558
8457 558
8458 558
8459 558
8460 558
8461 558
8462 558
8463 558
8464 559
8465 559
8466 559
8467 559
8468 558
8469 559
8470 559
8471 559
8472 559
8473 559
8474 559
8475 559
8476 559
8477 559
8478 560
8479 560
8480 572
8481 559
8482 568
8483 564
8484 568
8485 560
8486 560
8487 560
8488 560
8489 560
8490 560
8491 560
8492 560
8493 560
8494 561
8495 561
8496 561
8497 561
8498 561
8499 561
8500 561
8501 561
8502 561
8503 561
8504 561
8505 561
8506 561
8507 567
8508 569
8509 565
8510 566
8511 566
8512 564
8513 562
8514 562
8515 562
8516 562
8517 562
8518 562
8519 562
8520 562
8521 562
8522 562
8523 562
8524 562
8525 563
8526 563
8527 563
8528 563
8529 563
8530 563
8531 563
8532 563
8533 563
8534 577
8535 563
8536 563
8537 563
8538 563
8539 563
8540 564
8541 524
8542 564
8543 564
8544 564
8545 564
8546 564
8547 564
8548 564
8549 564
8550 564
8551 564
8552 564
8553 564
8554 564
8555 565
8556 565
8557 565
8558 565
8559 522
8560 565
8561 575
8562 575
8563 569
8564 569
8565 574
8566 565
8567 565
8568 565
8569 565
8570 566
8571 566
8572 566
8573 566
8574 566
8575 566
8576 566
8577 566
8578 566
8579 566
8580 566
8581 566
8582 566
8583 566
8584 566
8585 567
8586 567
8587 567
8588 570
8589 575
8590 571
8591 571
8592 577
8593 567
8594 567
8595 567
8596 567
8597 567
8598 567
8599 567
8600 568
8601 568
8602 568
8603 568
8604 568
8605 568
8606 568
8607 568
8608 568
8609 568
8610 568
8611 568
8612 568
8613 568
8614 572
8615 569
8616 569
8617 569
8618 569
8619 569
8620 569
8621 569
8622 569
8623 569
8624 569
8625 569
8626 569
8627 569
8628 569
8629 569
8630 569
8631 569
8632 570
8633 570
8634 570
8635 570
8636 570
8637 570
8638 570
8639 570
8640 570
8641 574
8642 570
8643 570
8644 570
8645 570
8646 571
8647 571
8648 571
8649 571
8650 571
8651 571
8652 571
8653 571
8654 570
8655 571
8656 571
8657 571
8658 528
8659 571
8660 571
8661 572
8662 572
8663 572
8664 572
8665 572
8666 572
8667 572
8668 575
8669 572
8670 572
8671 572
8672 572
8673 572
8674 572
8675 572
8676 573
8677 573
8678 573
8679 573
8680 573
8681 573
8682 573
8683 573
8684 573
8685 573
8686 573
8687 573
8688 573
8689 573
8690 573
8691 574
8692 574
8693 573
8694 587
8695 574
8696 574
8697 574
8698 574
8699 574
8700 574
8701 574
8702 574
8703 574
8704 574
8705 574
8706 574
8707 574
8708 575
8709 575
8710 574
8711 575
8712 575
8713 575
8714 575
8715 575
8716 575
8717 575
8718 575
8719 575
8720 575
8721 580
8722 576
8723 576
8724 576
8725 576
8726 576
8727 576
8728 576
8729 576
8730 576
8731 576
8732 576
8733 576
8734 576
8735 576
8736 577
8737 577
8738 577
8739 577
8740 577
8741 577
8742 577
8743 577
8744 577
8745 577
8746 577
8747 581
8748 577
8749 587
8750 582
8751 583
8752 578
8753 578
8754 578
8755 578
8756 578
8757 578
8758 578
8759 578
8760 578
8761 578
8762 578
8763 578
8764 578
8765 578
8766 579
8767 579
8768 579
8769 579
8770 579
8771 579
8772 579
8773 583
8774 579
8775 579
8776 579
8777 579
8778 579
8779 579
8780 579
8781 538
8782 580
8783 580
8784 580
8785 580
8786 580
8787 580
8788 580
8789 580
8790 580
8791 580
8792 580
8793 580
8794 580
8795 581
8796 581
8797 581
8798 581
8799 581
8800 584
8801 581
8802 581
8803 581
8804 581
8805 581
8806 581
8807 556
8808 581
8809 581
8810 582
8811 582
8812 582
8813 582
8814 582
8815 582
8816 582
8817 582
8818 541
8819 582
8820 582
8821 582
8822 582
8823 582
8824 582
8825 585
8826 587
8827 583
8828 592
8829 587
8830 587
8831 591
8832 583
8833 583
8834 582
8835 583
8836 583
8837 539
8838 583
8839 583
8840 584
8841 584
8842 584
8843 543
8844 584
8845 584
8846 584
8847 584
8848 584
8849 584
8850 584
8851 584
8852 588
8853 593
8854 588
8855 589
8856 594
8857 585
8858 585
8859 585
8860 585
8861 585
8862 585
8863 585
8864 585
8865 585
8866 585
8867 585
8868 585
8869 585
8870 585
8871 586
8872 586
8873 586
8874 586
8875 586
8876 586
8877 586
8878 590
8879 586
8880 586
8881 586
8882 586
8883 586
8884 586
8885 586
8886 586
8887 586
8888 587
8889 587
8890 587
8891 546
8892 587
8893 545
8894 587
8895 587
8896 587
8897 587
8898 597
8899 598
8900 588
8901 588
8902 588
8903 588
8904 602
8905 588
8906 543
8907 588
8908 588
8909 588
8910 588
8911 588
8912 588
8913 588
8914 588
8915 588
8916 589
8917 589
8918 589
8919 589
8920 547
8921 588
8922 589
8923 589
8924 589
8925 589
8926 589
8927 589
8928 546
8929 589
8930 605
8931 590
8932 590
8933 590
8934 590
8935 590
8936 590
8937 590
8938 590
8939 590
8940 590
8941 590
8942 590
8943 590
8944 590
8945 590
8946 590
8947 591
8948 591
8949 591
8950 591
8951 591
8952 591
8953 591
8954 591
8955 591
8956 604
8957 596
8958 595
8959 600
8960 591
8961 591
8962 591
8963 592
8964 600
8965 596
8966 598
8967 592
8968 592
8969 592
8970 592
8971 592
8972 592
8973 592
8974 592
8975 592
8976 592
8977 593
8978 593
8979 593
8980 593
8981 597
8982 593
8983 593
8984 593
8985 593
8986 593
8987 593
8988 593
8989 593
8990 593
8991 593
8992 594
8993 594
8994 594
8995 594
8996 594
8997 594
8998 594
8999 594
9000 594
9001 594
9002 594
9003 594
9004 594
9005 594
9006 594
9007 607
9008 602
9009 599
9010 602
9011 595
9012 595
9013 595
9014 595
9015 595
9016 595
9017 595
9018 595
9019 595
9020 595
9021 595
9022 595
9023 596
9024 596
9025 596
9026 596
9027 596
9028 596
9029 602
9030 600
9031 604
9032 609
9033 596
9034 596
9035 596
9036 596
9037 596
9038 597
9039 597
9040 597
9041 597
9042 597
9043 597
9044 597
9045 597
9046 597
9047 597
9048 597
9049 597
9050 597
9051 597
9052 598
9053 598
9054 598
9055 598
9056 598
9057 598
9058 609
9059 608
9060 602
9061 602
9062 607
9063 598
9064 598
9065 598
9066 598
9067 598
9068 598
9069 599
9070 599
9071 599
9072 599
9073 599
9074 599
9075 599
9076 599
9077 599
9078 599
9079 599
9080 599
9081 599
9082 599
9083 603
9084 600
9085 600
9086 600
9087 600
9088 600
9089 600
9090 600
9091 600
9092 600
9093 600
9094 600
9095 600
9096 600
9097 600
9098 600
9099 600
9100 601
9101 601
9102 601
9103 601
9104 601
9105 601
9106 601
9107 601
9108 615
9109 601
9110 601
9111 601
9112 601
9113 601
9114 601
9115 602
9116 602
9117 602
9118 602
9119 602
9120 602
9121 602
9122 602
9123 602
9124 602
9125 602
9126 602
9127 602
9128 602
9129 602
9130 603
9131 603
9132 603
9133 603
9134 614
9135 603
9136 603
9137 603
9138 603
9139 603
9140 603
9141 603
9142 603
9143 603
9144 603
9145 604
9146 604
9147 604
9148 604
9149 604
9150 604
9151 604
9152 604
9153 604
9154 604
9155 604
9156 604
9157 604
9158 604
9159 616
9160 605
9161 615
9162 614
9163 605
9164 605
9165 605
9166 605
9167 605
9168 605
9169 605
9170 605
9171 605
9172 605
9173 605
9174 605
9175 605
9176 605
9177 606
9178 606
9179 606
9180 606
9181 606
9182 606
9183 606
9184 618
9185 606
9186 605
9187 606
9188 606
9189 606
9190 607
9191 607
9192 607
9193 607
9194 607
9195 607
9196 607
9197 607
9198 607
9199 607
9200 607
9201 607
9202 607
9203 607
9204 607
9205 607
9206 607
9207 608
9208 608
9209 619
9210 608
9211 608
9212 608
9213 608
9214 608
9215 608
9216 608
9217 608
9218 608
9219 608
9220 608
9221 608
9222 609
9223 609
9224 609
9225 609
9226 609
9227 609
9228 609
9229 609
9230 609
9231 609
9232 609
9233 609
9234 618
9235 610
9236 618
9237 614
9238 614
9239 610
9240 610
9241 610
9242 610
9243 610
9244 610
9245 610
9246 610
9247 610
9248 610
9249 610
9250 610
9251 611
9252 610
9253 611
9254 611
9255 611
9256 611
9257 611
9258 611
9259 624
9260 619
9261 615
9262 615
9263 620
9264 611
9265 611
9266 611
9267 611
9268 611
9269 612
9270 612
9271 612
9272 612
9273 612
9274 612
9275 612
9276 612
9277 612
9278 612
9279 612
9280 612
9281 612
9282 612
9283 612
9284 616
9285 613
9286 613
9287 613
9288 613
9289 613
9290 613
9291 613
9292 613
9293 613
9294 613
9295 613
9296 613
9297 614
9298 614
9299 614
9300 614
9301 614
9302 614
9303 614
9304 614
9305 614
9306 614
9307 614
9308 614
9309 660
9310 618
9311 619
9312 624
9313 615
9314 615
9315 615
9316 615
9317 615
9318 615
9319 615
9320 615
9321 615
9322 615
9323 615
9324 615
9325 615
9326 615
9327 616
9328 616
9329 616
9330 616
9331 616
9332 616
9333 626
9334 623
9335 620
9336 621
9337 626
9338 616
9339 616
9340 616
9341 616
9342 616
9343 616
9344 617
9345 617
9346 617
9347 617
9348 617
9349 617
9350 617
9351 617
9352 617
9353 617
9354 617
9355 617
9356 617
9357 617
9358 596
9359 618
9360 628
9361 627
9362 618
9363 618
9364 618
9365 618
9366 618
9367 618
9368 618
9369 618
9370 618
9371 618
9372 618
9373 619
9374 619
9375 619
9376 619
9377 619
9378 619
9379 619
9380 619
9381 619
9382 623
9383 629
9384 624
9385 624
9386 629
9387 619
9388 620
9389 620
9390 620
9391 620
9392 620
9393 620
9394 620
9395 620
9396 620
9397 620
9398 620
9399 620
9400 620
9401 620
9402 621
9403 621
9404 621
9405 621
9406 621
9407 634
9408 621
9409 621
9410 621
9411 621
9412 621
9413 621
9414 621
9415 621
9416 621
9417 621
9418 622
9419 622
9420 622
9421 622
9422 622
9423 622
9424 622
9425 622
9426 622
9427 622
9428 622
9429 622
9430 622
9431 637
9432 623
9433 630
9434 627
9435 630
9436 623
9437 623
9438 623
9439 623
9440 623
9441 623
9442 623
9443 623
9444 623
9445 623
9446 623
9447 623
9448 624
9449 624
9450 624
9451 624
9452 624
9453 624
9454 624
9455 624
9456 638
9457 634
9458 629
9459 629
9460 632
9461 624
9462 624
9463 624
9464 625
9465 625
9466 625
9467 625
9468 625
9469 625
9470 625
9471 625
9472 625
9473 625
9474 626
9475 625
9476 625
9477 625
9478 626
9479 626
9480 637
9481 626
9482 636
9483 630
9484 630
9485 632
9486 626
9487 626
9488 626
9489 626
9490 626
9491 626
9492 626
9493 627
9494 627
9495 627
9496 627
9497 627
9498 627
9499 627
9500 627
9501 627
9502 627
9503 627
9504 641
9505 627
9506 627
9507 627
9508 627
9509 628
9510 628
9511 628
9512 628
9513 628
9514 628
9515 628
9516 628
9517 628
9518 628
9519 628
9520 628
9521 628
9522 628
9523 629
9524 629
9525 629
9526 629
9527 629
9528 629
9529 632
9530 638
9531 633
9532 633
9533 636
9534 629
9535 629
9536 629
9537 629
9538 629
9539 629
9540 629
9541 630
9542 630
9543 630
9544 630
9545 630
9546 630
9547 630
9548 630
9549 630
9550 630
9551 630
9552 630
9553 635
9554 637
9555 635
9556 635
9557 635
9558 635
9559 635
9560 641
9561 631
9562 631
9563 631
9564 631
9565 631
9566 632
9567 631
9568 632
9569 631
9570 632
9571 632
9572 632
9573 632
9574 632
9575 632
9576 632
9577 640
9578 637
9579 637
9580 642
9581 632
9582 632
9583 632
9584 633
9585 633
9586 633
9587 633
9588 633
9589 633
9590 633
9591 633
9592 633
9593 633
9594 633
9595 633
9596 633
9597 633
9598 633
9599 633
9600 634
9601 647
9602 634
9603 634
9604 634
9605 634
9606 634
9607 634
9608 634
9609 634
9610 634
9611 634
9612 635
9613 634
9614 635
9615 635
9616 635
9617 635
9618 635
9619 635
9620 635
9621 635
9622 635
9623 635
9624 635
9625 648
9626 635
9627 635
9628 636
9629 635
9630 636
9631 636
9632 636
9633 636
9634 636
9635 636
9636 636
9637 636
9638 636
9639 636
9640 636
9641 636
9642 636
9643 636
9644 636
9645 637
9646 637
9647 637
9648 637
9649 649
9650 648
9651 642
9652 642
9653 644
9654 637
9655 637
9656 637
9657 637
9658 637
9659 640
9660 638
9661 638
9662 638
9663 638
9664 638
9665 638
9666 638
9667 638
9668 638
9669 638
9670 638
9671 638
9672 638
9673 650
9674 639
9675 639
9676 639
9677 639
9678 639
9679 639
9680 639
9681 639
9682 639
9683 639
9684 639
9685 639
9686 639
9687 640
9688 639
9689 639
9690 640
9691 640
9692 639
9693 640
9694 640
9695 640
9696 652
9697 640
9698 640
9699 640
9700 640
9701 640
9702 640
9703 640
9704 640
9705 640
9706 641
9707 641
9708 641
9709 641
9710 641
9711 641
9712 641
9713 641
9714 641
9715 641
9716 641
9717 641
9718 641
9719 641
9720 663
9721 650
9722 646
9723 648
9724 642
9725 642
9726 642
9727 642
9728 642
9729 642
9730 642
9731 642
9732 642
9733 642
9734 642
9735 643
9736 643
9737 643
9738 643
9739 643
9740 643
9741 643
9742 643
9743 643
9744 654
9745 650
9746 648
9747 651
9748 643
9749 643
9750 643
9751 643
9752 644
9753 644
9754 644
9755 644
9756 644
9757 644
9758 644
9759 644
9760 644
9761 644
9762 644
9763 644
9764 644
9765 645
9766 645
9767 649
9768 653
9769 649
9770 650
9771 649
9772 649
9773 652
9774 645
9775 645
9776 645
9777 645
9778 645
9779 645
9780 645
9781 645
9782 646
9783 646
9784 646
9785 646
9786 646
9787 646
9788 646
9789 646
9790 646
9791 660
9792 646
9793 646
9794 646
9795 646
9796 647
9797 647
9798 647
9799 647
9800 647
9801 647
9802 647
9803 647
9804 647
9805 647
9806 647
9807 647
9808 647
9809 647
9810 647
9811 647
9812 648
9813 648
9814 649
9815 684
9816 655
9817 653
9818 653
9819 658
9820 648
9821 648
9822 648
9823 648
9824 648
9825 648
9826 648
9827 648
9828 649
9829 649
9830 649
9831 649
9832 649
9833 649
9834 649
9835 649
9836 649
9837 649
9838 653
9839 659
9840 654
9841 654
9842 657
9843 650
9844 650
9845 650
9846 650
9847 650
9848 650
9849 650
9850 650
9851 650
9852 650
9853 650
9854 650
9855 651
9856 651
9857 650
9858 651
9859 651
9860 651
9861 655
9862 651
9863 661
9864 661
9865 651
9866 651
9867 651
9868 651
9869 651
9870 651
9871 651
9872 652
9873 652
9874 652
9875 652
9876 652
9877 652
9878 652
9879 652
9880 652
9881 652
9882 652
9883 652
9884 652
9885 667
9886 652
9887 652
9888 653
9889 653
9890 653
9891 653
9892 653
9893 653
9894 653
9895 652
9896 653
9897 653
9898 653
9899 653
9900 653
9901 653
9902 654
9903 654
9904 654
9905 654
9906 654
9907 654
9908 666
9909 658
9910 662
9911 671
9912 658
9913 659
9914 659
9915 662
9916 654
9917 654
9918 654
9919 655
9920 655
9921 655
9922 655
9923 655
9924 655
9925 655
9926 655
9927 655
9928 655
9929 655
9930 655
9931 656
9932 655
9933 665
9934 665
9935 656
9936 656
9937 656
9938 656
9939 656
9940 656
9941 656
9942 656
9943 656
9944 656
9945 656
9946 656
9947 656
9948 656
9949 656
9950 657
9951 657
9952 657
9953 657
9954 661
9955 657
9956 657
9957 657
9958 657
9959 657
9960 657
9961 657
9962 657
9963 658
9964 658
9965 658
9966 658
9967 658
9968 658
9969 658
9970 658
9971 658
9972 658
9973 658
9974 658
9975 658
9976 658
9977 658
9978 672
9979 668
9980 663
9981 663
9982 666
9983 659
9984 659
9985 659
9986 659
9987 659
9988 659
9989 659
9990 659
9991 659
9992 660
9993 660
9994 660
9995 660
9996 660
9997 660
9998 659
9999 660
10000 660
